# --xy save start--
0.00000
0.00000
0.00000
-0.42984
-1.30336
-1.10163
-2.41977
-2.17442
-2.42763
-2.82161
-3.74505
-4.03961
-4.06223
-4.19380
-4.64055
-4.62275
-5.09748
-5.11631
-5.50815
-5.63334
-5.76187
-5.74509
-5.74593
-5.96111
-6.08295
-6.33671
-6.45145
-6.51420
-6.49415
-6.65821
-6.75891
-6.67740
-6.94989
-6.81604
-7.01566
-7.16980
-7.20842
-7.66130
-7.68259
-7.20551
-7.26672
-7.34600
-7.89278
-7.80999
-7.61477
-7.55955
-8.12792
-7.63051
-7.84024
-8.15395
-7.92324
-8.22868
-7.84231
-8.14835
-8.04797
-8.39591
-8.41942
-8.44237
-8.46442
-8.48617
-8.50681
-8.52745
-8.54687
-8.56615
-8.58486
-8.60283
-8.62081
-8.63776
0.15594
0.13406
0.11850
0.09926
0.08449
0.06649
0.05171
0.03320
0.02387
0.01716
0.00994
0.00137
-0.00348
-0.01179
-0.01841
-0.02542
-0.03328
-8.81185
-8.81667
-8.82149
-0.05809
-8.83114
-8.83596
-0.04341
-8.84560
-8.85042
-0.02957
-8.86007
-8.86489
-0.01968
-8.87453
-0.00440
-8.88418
-8.88900
0.00222
-8.89865
-8.90347
-8.90829
0.02338
-8.91793
0.02959
-8.92758
0.03602
-8.93722
0.03956
-8.94687
-8.95169
0.03996
-8.96133
-8.96616
0.05063
-8.97580
0.05280
-8.98544
0.05291
0.05570
-9.00417
-9.01065
0.05596
-9.02363
0.05145
0.05253
-9.04170
0.04970
-9.05338
0.05140
-9.06506
0.05262
0.08815
0.12080
-9.01490
0.10550
-9.05754
0.06889
0.05183
0.06988
-9.05563
0.11703
0.10294
0.09454
0.08086
0.06701
-9.13527
0.05291
0.10677
0.11006
0.09999
0.09042
0.07929
0.07100
0.05862
0.05011
0.03847
0.04119
0.03949
0.04028
0.03792
0.03900
0.03956
0.03738
0.03824
0.03835
0.03637
0.04439
0.05124
0.05981
0.06340
0.07206
0.07847
0.08546
0.09189
0.09786
0.08674
0.03534
0.03538
0.03468
0.03511
0.03459
0.03353
0.03373
-9.27660
-9.27934
-9.28208
-9.28481
-9.28755
-9.28800
-9.28393
-9.27986
-9.27580
-9.27173
-9.26766
-9.26359
-9.25953
-9.25546
-9.25139
-9.26365
-9.28440
-9.30515
-9.31866
-9.31427
-9.30988
-9.30549
-9.30111
-9.29672
-9.29233
-9.28794
-9.28355
-9.27916
-9.29221
-9.30640
-9.32060
-9.33479
-9.34777
-9.34295
-9.33813
-9.33331
-9.32849
-9.32367
-9.31885
-9.31403
-9.30921
-9.30749
-9.31784
-9.32819
-9.33853
-9.34888
-9.35923
-9.36957
-9.37014
-9.36472
-9.35931
-9.35389
-9.34847
-9.34305
-9.33764
-9.33222
-9.33263
-9.34048
-9.34834
-9.35620
-9.36406
-9.37192
-9.37977
-9.38763
-9.39549
-9.38985
-9.38357
-9.37728
0.05391
0.06103
0.06790
0.07571
0.07445
0.06981
0.06508
0.06016
0.05419
0.04885
0.04376
0.03835
0.03352
0.02828
0.02306
0.02261
0.02341
0.02304
0.02260
0.02275
0.02285
0.02244
0.02207
0.02255
0.02290
-9.42366
0.02152
0.02263
-9.42607
0.02211
-9.42767
0.02230
0.02056
0.02308
0.03374
0.04492
-9.39817
0.06531
0.07113
0.06785
0.06444
-9.39477
0.05786
-9.40274
0.05109
-9.41070
0.04367
0.04043
-9.42265
0.03276
-9.43062
0.02526
0.02207
0.02021
0.02058
-9.44177
-9.44210
0.01970
0.02013
-9.44310
0.02093
-9.44376
-9.44409
0.02013
-9.44475
0.01987
-9.44541
0.01983
0.02048
-9.44640
-9.44673
0.01958
0.01977
-9.44772
-9.42009
0.06865
-9.40129
0.06376
-9.40676
-9.40949
0.05573
-9.41496
-9.41769
0.04770
-9.42316
0.04254
-9.42862
-9.43136
0.03423
-9.43682
-9.43956
-9.44229
0.02293
-9.44775
0.01888
-9.44678
-9.44405
0.02676
-9.43858
-9.43585
0.03478
-9.43038
-9.42765
0.04310
-9.42218
-9.41945
-9.41671
-9.41398
0.05533
-9.40851
-9.40578
0.06327
-9.40031
-9.40150
0.03497
-9.44642
-9.44314
0.02542
-9.43657
-9.43329
-9.43001
-9.42673
-9.42345
0.04264
-9.41689
-9.41361
-9.41033
0.05468
-9.40377
-9.40049
-9.39721
-9.39392
0.06309
-9.41115
-9.42577
-9.44039
-9.43716
0.02350
-9.42920
-9.42521
-9.42123
-9.41725
0.04133
-9.40928
-9.40530
-9.40132
0.05472
-9.39335
-9.38937
-9.38538
-9.38187
-9.39179
-9.40171
0.03627
-9.42156
-9.42914
-9.42423
0.02557
-9.41443
-9.40952
-9.40462
-9.39972
-9.39481
-9.38991
0.05513
-9.38010
-9.37520
-9.37030
-9.37089
-9.37852
0.04894
-9.39377
-9.40139
-9.40902
-9.41450
0.01656
-9.41238
-9.41132
-9.41026
-9.40920
-9.40814
-9.40708
-9.40602
-9.40496
0.01693
-9.40284
-9.40178
-9.40072
-9.39966
-9.39860
0.01683
-9.39648
-9.39268
-9.38483
-9.37697
-9.36911
-9.36125
0.05262
-9.34554
-9.33768
-9.32982
-9.33415
-9.33957
-9.34499
-9.35041
-9.35582
0.03127
-9.36666
-9.37208
-9.36588
-9.35553
-9.34519
-9.33484
0.05836
-9.31414
-9.30611
-9.31093
-9.31575
-9.32057
-9.32539
-9.33021
-9.33504
-9.33986
0.01972
-9.34391
-9.32972
-9.31553
-9.30134
-9.28715
-9.28073
0.06605
0.06177
-9.29389
0.04625
0.04047
0.03307
-9.31145
0.02249
0.01611
0.03404
0.05392
-9.25625
0.07482
0.06722
0.06179
0.05305
0.04683
-9.27318
0.03767
0.03023
-9.28538
0.01628
0.01570
0.01587
0.01648
0.01657
0.01499
0.01502
0.01503
-9.26741
0.01795
0.01384
-9.25920
0.02395
0.08387
0.07703
0.06943
0.06371
0.05249
0.04827
0.04328
0.03160
-9.21558
0.02229
0.01460
0.02276
0.02937
0.03860
0.04779
0.05436
0.06614
0.07243
0.08070
0.08660
0.01810
0.02888
0.03506
0.04638
0.05642
0.06713
0.07722
0.08806
-9.10623
0.01882
0.02698
0.04160
0.05362
0.06883
0.07768
0.09266
0.06114
0.02285
0.02579
0.04220
0.05941
0.07839
0.09062
0.07560
0.04224
0.01533
0.03940
0.06193
0.08027
0.09849
0.06546
0.03664
0.00907
0.01051
0.01186
0.01036
0.01293
0.00973
0.01245
0.04340
0.07957
0.09895
0.06857
0.04481
0.01037
0.05997
0.10695
0.08270
0.05265
0.02518
0.01001
0.00800
0.01399
0.01086
0.00873
0.06514
0.09777
0.07363
0.04569
0.01489
0.00529
0.01181
0.00678
0.00440
0.01065
0.00875
0.00539
0.00698
0.01781
0.06212
0.09638
0.06600
0.03446
0.08744
0.11773
0.00542
0.00400
0.00427
-0.00236
0.06312
0.12768
0.01176
0.07125
0.09953
-0.00653
0.11713
0.06584
0.03785
0.10239
0.01841
-0.00453
-0.01112
0.11680
0.06404
0.04045
0.07432
-0.00337
0.06188
0.09123
-0.01779
-0.01703
-0.01667
0.00335
0.15413
0.05684
0.04848
0.15730
-0.01516
-0.01408
0.13656
-0.06612
-0.06480
0.00906
0.13352
0.13606
-0.06254
0.04748
0.07177
0.06350
-0.06194
-0.06343
-0.03834
0.01737
0.00750
-0.01048
-0.02604
-0.00068
0.01753
0.01743
0.01713
0.01638
0.01860
0.01692
0.01935
0.01614
0.01503
0.00229
-0.01125
-0.02917
0.00315
0.01611
0.01671
0.01395
0.01551
0.01491
0.01515
0.01517
0.01526
0.01363
0.01575
0.01498
0.01416
0.01337
0.01430
0.01411
0.01322
0.01507
0.01249
0.01350
0.01382
0.01373
0.01442
0.01195
0.01096
0.01162
0.01071
0.01103
0.00843
0.01010
0.01036
0.00829
0.01092
0.01062
0.00960
0.00832
-0.03194
-0.02226
-0.00884
0.00257
0.00850
0.01009
# --xy save end--
