# --xy save start--
3.21319
3.20955
3.20717
3.20224
3.19922
3.19628
3.19577
3.19338
3.19010
3.18682
3.18549
3.18357
3.17934
3.17560
3.17366
3.17130
3.16999
3.16763
3.16284
3.16182
3.16052
3.15912
3.15781
3.15489
3.15272
3.14915
3.14838
3.14817
3.14698
3.14373
3.14383
3.14276
3.14144
3.14113
3.13904
3.13600
3.13608
3.13425
3.13747
3.13099
3.13132
3.13257
3.12990
3.13089
3.12912
3.12992
3.13062
3.12904
3.12911
3.12645
3.12615
3.12766
3.12784
3.12949
3.12769
3.12732
3.12754
3.12772
3.12774
3.13028
3.12864
3.13080
3.12868
3.12986
3.13080
3.13046
3.13274
3.13326
3.13526
3.13532
3.13513
3.13654
3.13873
3.13906
3.14084
3.14048
3.14284
3.14340
3.14550
3.14903
3.14887
3.14941
3.15140
3.15495
3.15471
3.15778
3.15884
3.16125
3.16070
3.16831
3.16706
3.16982
3.17251
3.17582
3.18010
3.18087
3.18283
3.18530
3.18795
3.19023
3.19500
3.19780
3.19851
3.20151
3.20697
3.20965
3.21501
3.21302
3.21862
3.22552
3.22754
3.23109
3.23383
3.23580
3.24322
3.24524
3.24777
3.24995
3.25416
3.26115
3.26649
3.26699
3.27273
3.27527
3.28285
3.28552
3.29486
3.29398
3.30019
3.30814
3.31128
3.31693
3.32150
3.32719
3.33290
3.33798
3.34161
3.34784
3.35614
3.36022
3.36498
3.37323
3.37638
3.38556
3.39198
3.39644
3.40194
3.41362
3.41861
3.42089
3.42914
3.43433
3.44483
3.44819
3.45655
3.46283
3.46956
3.48086
3.48671
3.49234
3.50113
3.50593
3.51822
3.52680
3.53095
3.53787
3.54588
3.56019
3.56595
3.57410
3.58006
3.59331
3.60520
3.61113
3.61814
3.62681
3.64067
3.65157
3.65773
3.66622
3.67385
3.68075
3.69968
3.70829
3.71628
3.72485
3.73462
3.75135
3.76148
3.77106
3.78037
3.78954
3.81115
3.81768
3.82834
3.83707
3.84797
3.86087
3.87871
3.89031
3.90159
3.91241
3.92333
3.93806
3.91991
3.90205
3.88164
3.86468
3.82704
3.81015
3.79244
3.77548
3.75811
3.74109
3.70835
3.69534
3.67746
3.66194
3.64604
3.63014
3.60183
3.58486
3.57048
3.55532
3.54525
3.51784
3.50237
3.48823
3.47836
3.45040
3.43642
3.42645
3.41397
3.40174
3.37574
3.36363
3.35172
3.33933
3.31918
3.30578
3.29668
3.28559
3.27432
3.25167
3.24204
3.23228
3.22511
3.20101
3.19248
3.18415
3.17375
3.15392
3.14504
3.13585
3.12599
3.11069
3.10011
3.08918
3.07955
3.06418
3.05802
3.04826
3.03999
3.02361
3.01595
3.00907
3.00117
2.98442
2.97877
2.96848
2.95573
2.94765
2.94140
2.93240
2.92118
2.91120
2.90548
2.89141
2.88547
2.88012
2.87339
2.85940
2.85372
2.84690
2.83913
2.82962
2.82397
2.81731
2.80529
2.79942
2.79489
2.78636
2.77798
2.77245
2.76922
2.75717
2.75143
2.74771
2.74078
2.73173
2.72676
2.72085
2.70971
2.70565
2.70400
2.69413
2.68748
2.68529
2.67645
2.66986
2.66459
2.66034
2.65498
2.64706
2.64371
2.63969
2.63088
2.62681
2.62407
2.61899
2.61386
2.61042
2.60456
2.59621
2.59111
2.58911
2.58697
2.58014
2.57726
2.57162
2.56735
2.56145
2.56001
2.55636
2.54972
2.54664
2.54485
2.53900
2.53530
2.53173
2.53016
2.52520
2.52071
2.51809
2.51405
2.51130
2.50709
2.50587
2.50147
2.49951
2.49518
2.49107
2.48914
2.48513
2.48295
2.47930
2.47748
2.47424
2.47054
2.47044
2.46740
2.46536
2.46013
2.45955
2.45726
2.45520
2.45076
2.44915
2.44845
2.44590
2.44496
2.44190
2.44073
2.43824
2.43576
2.43624
2.43148
2.43298
2.42943
2.42599
2.42574
2.42428
2.42282
2.42303
2.42057
2.42029
2.41693
2.41810
2.41340
2.41498
2.41396
2.41459
2.41132
2.40692
2.40892
2.40655
2.40654
2.40560
2.40643
2.40480
2.40422
2.40418
2.40339
2.40174
2.40204
2.40149
2.40147
2.40208
2.40105
2.40182
2.40216
2.40256
2.40072
2.40140
2.39997
2.40135
2.40163
2.40191
2.40095
2.40051
2.40180
2.40236
2.40548
2.40336
2.40290
2.40497
2.40498
2.40508
2.40493
2.40695
2.40714
2.40761
2.40977
2.40980
2.41089
2.41086
2.41296
2.41502
2.41441
2.41647
2.41851
2.41831
2.41962
2.42189
2.42269
2.42408
2.42487
2.42783
2.42934
2.43143
2.43148
2.43505
2.43711
2.43675
2.43982
2.44101
2.44351
2.44662
2.44669
2.44975
2.45167
2.45346
2.45647
2.45821
2.46087
2.46516
2.46635
2.46749
2.47005
2.47443
2.47663
2.47902
2.48083
2.48422
2.48700
2.49102
2.49521
2.49776
2.50082
2.50267
2.50776
2.51180
2.51305
2.51765
2.52187
2.52466
2.53074
2.53141
2.53410
2.53703
2.54068
2.54395
2.54867
2.55456
2.55912
2.56077
2.56573
2.57131
2.57619
2.57845
2.58596
2.58969
2.59501
2.59764
2.60324
2.60535
2.61348
2.61811
2.62080
2.62887
2.63420
2.63832
2.64511
2.65135
2.65587
2.66269
2.66578
2.66925
2.67775
2.68231
2.68673
2.69570
2.70106
2.70817
2.71264
2.71651
2.72428
2.72941
2.73673
2.74394
2.74867
2.75809
2.76348
2.77200
2.77711
2.78255
2.79093
2.79937
2.80392
2.81066
2.82057
2.82567
2.83428
2.84619
2.85574
2.86190
2.87210
2.88242
2.88308
2.89265
2.90401
2.91214
2.92123
2.93061
2.93567
2.94332
2.95393
2.96776
2.97839
2.98850
2.99886
3.00206
3.01426
3.02396
3.03229
3.04403
3.05415
3.06156
3.07496
3.08683
3.09772
3.11248
3.12032
3.13100
3.13953
3.15533
3.17206
3.18158
3.19308
3.20036
3.21692
3.22708
3.23902
3.24903
3.26500
3.28347
3.29625
3.30803
3.32055
3.33196
3.34428
3.36507
3.37918
3.39856
3.40311
3.41974
3.43886
3.25383
3.24277
3.22571
3.21031
3.19861
3.19814
3.21728
3.23592
3.24945
3.26156
3.27476
3.30012
3.31668
3.33259
3.34519
3.36750
3.38961
3.40405
3.41310
3.43509
3.46125
3.47399
3.48754
3.50928
3.52614
3.55750
3.57633
3.59193
3.60893
3.62850
3.66624
3.67025
3.69647
3.71428
3.75103
3.76412
3.79061
3.81154
3.84404
3.85435
3.88609
3.90768
3.92917
3.95805
4.40145
4.42722
4.45366
4.50348
4.52345
4.54849
4.57903
4.62481
4.66693
4.69317
4.71174
4.75873
4.80421
4.83617
4.85924
4.90452
4.95000
4.98714
5.02170
5.05516
5.10934
5.14811
5.18532
5.21664
5.27553
5.33263
5.36252
5.40368
5.46036
5.52138
5.57411
5.61627
5.64264
5.72241
5.77945
5.82676
5.87514
5.94345
6.00126
6.05353
6.10836
6.17727
6.25552
6.32741
6.38486
6.47395
6.52195
6.59665
6.65886
6.78803
6.85227
6.91474
6.99011
6.68166
6.67022
6.66041
6.71104
6.73639
6.81793
6.89090
7.04115
7.09190
7.19649
7.27697
7.44096
7.52810
8.45965
8.56010
8.66602
8.77085
8.99335
9.10890
9.22656
9.34684
9.59877
9.72616
9.92772
10.00000
10.00000
10.00000
# --xy save end--
