# --xy save start--
10.00000
10.00000
10.00000
9.57016
8.69664
8.89837
7.58023
7.82558
7.57237
7.17839
6.25495
5.96039
5.93777
5.80620
5.35945
5.37725
4.90252
4.88369
4.49185
4.36666
4.23813
4.25491
4.25407
4.03889
3.91705
3.66329
3.54855
3.48580
3.50585
3.34179
3.24109
3.32260
3.05011
3.18396
2.98434
2.83020
2.79158
2.33870
2.31741
2.79449
2.73328
2.65400
2.10722
2.19001
2.38523
2.44045
1.87208
2.36949
2.15976
1.84605
2.07676
1.77132
2.15769
1.85165
1.95203
1.60409
1.58058
1.55763
1.53558
1.51383
1.49319
1.47255
1.45313
1.43385
1.41514
1.39717
1.37919
1.36224
1.34553
1.32882
1.31330
1.29780
1.28231
1.26792
1.25359
1.23926
1.23155
1.22673
1.22191
1.21709
1.21226
1.20744
1.20262
1.19780
1.19298
1.18815
1.18333
1.17851
1.17369
1.16886
1.16404
1.15922
1.15440
1.14958
1.14475
1.13993
1.13511
1.13029
1.12547
1.12064
1.11582
1.11100
1.10618
1.10135
1.09653
1.09171
1.08689
1.08207
1.07724
1.07242
1.06760
1.06278
1.05796
1.05313
1.04831
1.04349
1.03867
1.03384
1.02902
1.02420
1.01938
1.01456
1.00881
1.00232
0.99583
0.98935
0.98286
0.97637
0.96998
0.96414
0.95830
0.95246
0.94662
0.94078
0.93494
0.93468
0.96307
0.99145
0.98510
0.96378
0.94246
0.92114
0.89983
0.90943
0.94437
0.95115
0.93386
0.91658
0.89929
0.88201
0.86473
0.86272
0.91101
0.91102
0.89687
0.88273
0.86858
0.85444
0.84030
0.82615
0.81345
0.80982
0.80619
0.80256
0.79894
0.79531
0.79168
0.78805
0.78442
0.78080
0.77847
0.78209
0.78572
0.78935
0.79298
0.79660
0.80023
0.80386
0.80749
0.81111
0.79751
0.74256
0.73982
0.73708
0.73435
0.73161
0.72887
0.72613
0.72340
0.72066
0.71792
0.71519
0.71245
0.71200
0.71607
0.72014
0.72420
0.72827
0.73234
0.73641
0.74047
0.74454
0.74861
0.73635
0.71560
0.69485
0.68134
0.68573
0.69012
0.69451
0.69889
0.70328
0.70767
0.71206
0.71645
0.72084
0.70779
0.69360
0.67940
0.66521
0.65223
0.65705
0.66187
0.66669
0.67151
0.67633
0.68115
0.68597
0.69079
0.69251
0.68216
0.67181
0.66147
0.65112
0.64077
0.63043
0.62986
0.63528
0.64069
0.64611
0.65153
0.65695
0.66236
0.66778
0.66737
0.65952
0.65166
0.64380
0.63594
0.62808
0.62023
0.61237
0.60451
0.61015
0.61643
0.62272
0.62900
0.63528
0.64157
0.64785
0.64596
0.63982
0.63368
0.62754
0.62140
0.61526
0.60912
0.60298
0.59683
0.59069
0.58515
0.58435
0.58354
0.58274
0.58194
0.58114
0.58034
0.57954
0.57874
0.57794
0.57714
0.57634
0.57553
0.57473
0.57393
0.57313
0.57233
0.57153
0.57073
0.57206
0.58198
0.59191
0.60183
0.61175
0.61718
0.61319
0.60921
0.60523
0.60125
0.59726
0.59328
0.58930
0.58531
0.58133
0.57735
0.57336
0.56938
0.56540
0.56142
0.55889
0.55856
0.55823
0.55790
0.55757
0.55723
0.55690
0.55657
0.55624
0.55591
0.55558
0.55525
0.55492
0.55459
0.55426
0.55393
0.55360
0.55327
0.55294
0.55261
0.55228
0.57991
0.60144
0.59871
0.59598
0.59324
0.59051
0.58778
0.58504
0.58231
0.57958
0.57684
0.57411
0.57138
0.56864
0.56591
0.56318
0.56044
0.55771
0.55498
0.55225
0.55049
0.55322
0.55595
0.55869
0.56142
0.56415
0.56689
0.56962
0.57235
0.57509
0.57782
0.58055
0.58329
0.58602
0.58875
0.59149
0.59422
0.59695
0.59969
0.59850
0.56959
0.55358
0.55686
0.56014
0.56343
0.56671
0.56999
0.57327
0.57655
0.57983
0.58311
0.58639
0.58967
0.59295
0.59623
0.59951
0.60279
0.60608
0.60346
0.58885
0.57423
0.55961
0.56284
0.56682
0.57080
0.57479
0.57877
0.58275
0.58674
0.59072
0.59470
0.59868
0.60267
0.60665
0.61063
0.61462
0.61813
0.60821
0.59829
0.58836
0.57844
0.57086
0.57577
0.58067
0.58557
0.59048
0.59538
0.60028
0.60519
0.61009
0.61499
0.61990
0.62480
0.62970
0.62911
0.62148
0.61386
0.60623
0.59861
0.59098
0.58550
0.58656
0.58762
0.58868
0.58974
0.59080
0.59186
0.59292
0.59398
0.59504
0.59610
0.59716
0.59822
0.59928
0.60034
0.60140
0.60246
0.60352
0.60732
0.61517
0.62303
0.63089
0.63875
0.64661
0.65446
0.66232
0.67018
0.66585
0.66043
0.65501
0.64959
0.64418
0.63876
0.63334
0.62792
0.63412
0.64447
0.65481
0.66516
0.67551
0.68586
0.69389
0.68907
0.68425
0.67943
0.67461
0.66979
0.66496
0.66014
0.65532
0.65609
0.67028
0.68447
0.69866
0.71285
0.71927
0.71489
0.71050
0.70611
0.70172
0.69733
0.69294
0.68855
0.68416
0.68151
0.70225
0.72300
0.74375
0.74716
0.74309
0.73902
0.73495
0.73089
0.72682
0.72275
0.71868
0.71462
0.71069
0.71343
0.71616
0.71890
0.72164
0.72437
0.72711
0.72985
0.73259
0.73532
0.73806
0.74080
0.74955
0.81345
0.80982
0.80619
0.80256
0.79894
0.79531
0.79168
0.78805
0.78442
0.78080
0.77990
0.79155
0.80320
0.81486
0.82651
0.83816
0.84982
0.86147
0.87312
0.88316
0.81706
0.83120
0.84535
0.85949
0.87363
0.88778
0.90192
0.91607
0.89377
0.85361
0.87090
0.88818
0.90547
0.92275
0.94003
0.95732
0.93190
0.89695
0.90744
0.92876
0.95007
0.97139
0.99271
0.98132
0.95294
0.93522
0.96185
0.98848
1.01510
1.03923
1.01469
0.99015
0.97220
0.97869
0.98518
0.99166
0.99815
1.00464
1.01112
1.04772
1.09187
1.11789
1.09754
1.07720
1.05685
1.10839
1.16555
1.14643
1.12731
1.10819
1.10164
1.11030
1.11896
1.12761
1.13627
1.20006
1.24212
1.22457
1.20703
1.18949
1.19318
1.20347
1.21376
1.22406
1.23474
1.24591
1.25708
1.26826
1.29568
1.34570
1.39572
1.38035
1.36006
1.41954
1.47360
1.36813
1.38217
1.39621
1.41025
1.49054
1.56067
1.47164
1.54897
1.58530
1.50657
1.63776
1.60319
1.59968
1.68214
1.61594
1.61185
1.63145
1.77768
1.74737
1.74384
1.80041
1.74387
1.84059
1.89206
1.80881
1.83358
1.85970
1.90719
2.08373
2.01615
2.03489
2.17370
2.03196
2.06408
2.24718
2.13140
2.16673
2.28083
2.44524
2.48811
2.33515
2.48815
2.51304
2.57558
2.50164
2.55043
2.60162
2.65513
2.64098
2.62364
2.60630
2.63117
2.64612
2.64402
2.64191
2.63980
2.63780
2.63592
2.63404
2.63216
2.62811
2.61288
2.59766
2.58244
2.61058
2.62224
2.62081
2.61939
2.61796
2.61664
2.61543
2.61423
2.61302
2.61185
2.61086
2.60988
2.60889
2.60790
2.60709
2.60632
2.60556
2.60479
2.60411
2.60357
2.60302
2.60247
2.60193
2.60160
2.60127
2.60094
2.60062
2.60042
2.60031
2.60020
2.60009
2.60002
2.60013
2.60024
2.60035
2.60046
2.55865
2.57057
2.58248
2.59439
2.60212
2.60267
# --xy save end--
