# --save start--
1.911521911621093750e+01
1.911490058898925781e+01
1.911866378784179688e+01
1.911654281616210938e+01
1.911989212036132812e+01
1.912063789367675781e+01
1.912213897705078125e+01
1.912572479248046875e+01
1.912837791442871094e+01
1.913236618041992188e+01
1.913614845275878906e+01
1.914022827148437500e+01
1.914707565307617188e+01
1.914920234680175781e+01
1.915565109252929688e+01
1.916139984130859375e+01
1.916577148437500000e+01
1.917307090759277344e+01
1.917770767211914062e+01
1.918452644348144531e+01
1.919329643249511719e+01
1.919957351684570312e+01
1.920824432373046875e+01
1.921590614318847656e+01
1.922903060913085938e+01
1.923550796508789062e+01
1.924660873413085938e+01
1.882894706726074219e+01
1.828347587585449219e+01
1.776687049865722656e+01
1.707184600830078125e+01
1.578592300415039062e+01
1.538624668121337891e+01
1.498781490325927734e+01
1.480555057525634766e+01
1.473922157287597656e+01
1.433527660369873047e+01
1.401620101928710938e+01
1.371092224121093750e+01
1.336846828460693359e+01
1.297141551971435547e+01
1.259441661834716797e+01
1.236330795288085938e+01
1.212674427032470703e+01
1.117296123504638672e+01
1.096800518035888672e+01
1.073644351959228516e+01
1.039665126800537109e+01
1.024056529998779297e+01
1.025132846832275391e+01
1.026162624359130859e+01
1.022889518737792969e+01
1.017023944854736328e+01
1.000001335144042969e+01
9.700042724609375000e+00
9.553907394409179688e+00
9.411643981933593750e+00
9.273583412170410156e+00
9.180983543395996094e+00
8.945460319519042969e+00
8.792744636535644531e+00
8.702461242675781250e+00
8.585478782653808594e+00
8.414111137390136719e+00
8.304615020751953125e+00
8.135332107543945312e+00
8.093747138977050781e+00
7.545833587646484375e+00
7.410837650299072266e+00
7.321523666381835938e+00
7.226709365844726562e+00
7.081378459930419922e+00
6.991626739501953125e+00
6.914148807525634766e+00
6.848531723022460938e+00
6.726258754730224609e+00
6.656036376953125000e+00
6.647793769836425781e+00
6.656301975250244141e+00
6.667284011840820312e+00
6.678394317626953125e+00
6.644459247589111328e+00
6.572370529174804688e+00
6.449424743652343750e+00
6.388427734375000000e+00
6.355255126953125000e+00
6.286635875701904297e+00
6.181245326995849609e+00
6.113084793090820312e+00
6.069867610931396484e+00
6.014219760894775391e+00
5.936243057250976562e+00
5.871619224548339844e+00
5.832389831542968750e+00
5.784452438354492188e+00
5.685797214508056641e+00
5.641849040985107422e+00
5.575167655944824219e+00
5.571883678436279297e+00
5.484221458435058594e+00
5.441415786743164062e+00
5.381204128265380859e+00
5.359498500823974609e+00
5.278201103210449219e+00
5.253273963928222656e+00
5.207022666931152344e+00
5.181262493133544922e+00
5.108473300933837891e+00
5.070793151855468750e+00
5.031509876251220703e+00
4.973345279693603516e+00
4.933074474334716797e+00
4.900230407714843750e+00
4.867104053497314453e+00
4.821108818054199219e+00
4.787287712097167969e+00
4.755057811737060547e+00
4.725907325744628906e+00
4.685622215270996094e+00
4.635025501251220703e+00
4.608049869537353516e+00
4.583701133728027344e+00
4.547831058502197266e+00
4.501834869384765625e+00
4.476872920989990234e+00
4.450702667236328125e+00
4.423823356628417969e+00
4.378841876983642578e+00
4.351736068725585938e+00
4.326970100402832031e+00
4.303959369659423828e+00
4.260032653808593750e+00
4.225301742553710938e+00
4.212561130523681641e+00
4.189197540283203125e+00
4.160097122192382812e+00
4.118515014648437500e+00
4.099193572998046875e+00
4.078150272369384766e+00
4.055059909820556641e+00
4.024733543395996094e+00
3.999644279479980469e+00
3.979868173599243164e+00
3.952894449234008789e+00
3.930815935134887695e+00
3.899714708328247070e+00
3.884994506835937500e+00
3.865047931671142578e+00
3.840714454650878906e+00
3.814526796340942383e+00
3.790852069854736328e+00
3.775823831558227539e+00
3.754398584365844727e+00
3.731702089309692383e+00
3.705417633056640625e+00
3.687437057495117188e+00
3.671926259994506836e+00
3.657359600067138672e+00
3.636812686920166016e+00
3.611062288284301758e+00
3.594415664672851562e+00
3.576263427734375000e+00
3.558369636535644531e+00
3.536079883575439453e+00
3.530147790908813477e+00
3.504942893981933594e+00
3.488299369812011719e+00
3.471625328063964844e+00
3.455716609954833984e+00
3.447864294052124023e+00
3.419609308242797852e+00
3.405343294143676758e+00
3.391405105590820312e+00
3.372620582580566406e+00
3.366244792938232422e+00
3.349139928817749023e+00
3.328228712081909180e+00
3.314078569412231445e+00
3.301180124282836914e+00
3.289874315261840820e+00
3.274886846542358398e+00
3.266247272491455078e+00
3.237798929214477539e+00
3.230793952941894531e+00
3.058322668075561523e+00
3.046423196792602539e+00
3.028022289276123047e+00
3.012759208679199219e+00
3.003007888793945312e+00
2.992046594619750977e+00
2.981016874313354492e+00
2.967496633529663086e+00
2.956203937530517578e+00
2.953679800033569336e+00
2.931678533554077148e+00
2.921745538711547852e+00
2.911199092864990234e+00
2.898651361465454102e+00
2.894004583358764648e+00
2.886275053024291992e+00
2.872150659561157227e+00
2.856937170028686523e+00
2.849732160568237305e+00
2.839633464813232422e+00
2.831610202789306641e+00
2.818917751312255859e+00
2.810236930847167969e+00
2.798180103302001953e+00
2.793403148651123047e+00
2.785883188247680664e+00
2.769491910934448242e+00
2.760868549346923828e+00
2.752208948135375977e+00
2.742992877960205078e+00
2.736819982528686523e+00
2.729218244552612305e+00
2.720027685165405273e+00
2.711879491806030273e+00
2.701830625534057617e+00
2.693716526031494141e+00
2.681961297988891602e+00
2.674599647521972656e+00
2.668150424957275391e+00
2.662145853042602539e+00
2.652961730957031250e+00
2.646217107772827148e+00
2.641250848770141602e+00
2.633334159851074219e+00
2.624704837799072266e+00
2.617253065109252930e+00
2.608049154281616211e+00
2.603321552276611328e+00
2.599767923355102539e+00
2.593711376190185547e+00
2.582087755203247070e+00
2.573075771331787109e+00
2.565714836120605469e+00
2.559333324432373047e+00
2.554359197616577148e+00
2.546489238739013672e+00
2.541043758392333984e+00
2.535066604614257812e+00
2.530478000640869141e+00
2.524471282958984375e+00
2.517946958541870117e+00
2.512734889984130859e+00
2.504640817642211914e+00
2.498043537139892578e+00
2.492974996566772461e+00
2.488834857940673828e+00
2.481176853179931641e+00
2.478182077407836914e+00
2.493524312973022461e+00
2.509749412536621094e+00
2.540141582489013672e+00
2.554440498352050781e+00
2.579687833786010742e+00
2.574497938156127930e+00
2.570328950881958008e+00
2.566505193710327148e+00
2.559339761734008789e+00
2.555799961090087891e+00
2.549107313156127930e+00
2.545320987701416016e+00
2.538725137710571289e+00
2.535077810287475586e+00
2.528102159500122070e+00
2.522755146026611328e+00
2.522199153900146484e+00
2.517577886581420898e+00
2.512458086013793945e+00
2.505954027175903320e+00
2.503491163253784180e+00
2.498006820678710938e+00
2.494021177291870117e+00
2.488091230392456055e+00
2.485191822052001953e+00
2.481066226959228516e+00
2.477976083755493164e+00
2.473023414611816406e+00
2.468342304229736328e+00
2.463695049285888672e+00
2.467980146408081055e+00
2.458923816680908203e+00
2.455952167510986328e+00
2.454365491867065430e+00
2.450664997100830078e+00
2.447932481765747070e+00
2.441716670989990234e+00
2.437761306762695312e+00
2.434971809387207031e+00
2.431607961654663086e+00
2.428905248641967773e+00
2.424572467803955078e+00
2.422946691513061523e+00
2.419374465942382812e+00
2.414982557296752930e+00
2.411987304687500000e+00
2.409004926681518555e+00
2.406738042831420898e+00
2.402537345886230469e+00
2.400360107421875000e+00
2.399369955062866211e+00
2.397889852523803711e+00
2.394345045089721680e+00
2.391052722930908203e+00
2.387412071228027344e+00
2.385205745697021484e+00
2.383631706237792969e+00
2.382366657257080078e+00
2.379396677017211914e+00
2.376971960067749023e+00
2.373529911041259766e+00
2.373010396957397461e+00
2.370355844497680664e+00
2.368030071258544922e+00
2.367578029632568359e+00
2.365110874176025391e+00
2.364154338836669922e+00
2.360848188400268555e+00
2.357889890670776367e+00
2.357049942016601562e+00
2.355867862701416016e+00
2.354498863220214844e+00
2.353956222534179688e+00
2.348935127258300781e+00
2.350414037704467773e+00
2.347410678863525391e+00
2.345160961151123047e+00
2.346287965774536133e+00
2.346082925796508789e+00
2.343694686889648438e+00
2.341361045837402344e+00
2.341155290603637695e+00
2.341710567474365234e+00
2.338609695434570312e+00
2.338973283767700195e+00
2.338736295700073242e+00
2.335628747940063477e+00
2.333964586257934570e+00
2.333537817001342773e+00
2.332381486892700195e+00
2.333337068557739258e+00
2.330974102020263672e+00
2.330381155014038086e+00
2.331956386566162109e+00
2.329081296920776367e+00
2.328651428222656250e+00
2.328908681869506836e+00
2.327388286590576172e+00
2.327358722686767578e+00
2.326737642288208008e+00
2.325813293457031250e+00
2.328895568847656250e+00
2.325650453567504883e+00
2.326054334640502930e+00
2.326154232025146484e+00
2.326852321624755859e+00
2.326007604598999023e+00
2.325707674026489258e+00
2.325362205505371094e+00
2.325525760650634766e+00
2.327053546905517578e+00
2.326120853424072266e+00
2.326062440872192383e+00
2.327100753784179688e+00
2.326006412506103516e+00
2.327368974685668945e+00
2.327597141265869141e+00
2.327602624893188477e+00
2.328510284423828125e+00
2.329325914382934570e+00
2.331988096237182617e+00
2.330522775650024414e+00
2.331783533096313477e+00
2.332509279251098633e+00
2.333687067031860352e+00
2.333889961242675781e+00
2.332120418548583984e+00
2.336504459381103516e+00
2.334177017211914062e+00
2.337117910385131836e+00
2.338102340698242188e+00
2.340153932571411133e+00
2.338601350784301758e+00
2.340733051300048828e+00
2.341674804687500000e+00
2.343142747879028320e+00
2.344231128692626953e+00
2.346842288970947266e+00
2.346518754959106445e+00
2.348962068557739258e+00
2.348819494247436523e+00
2.354361057281494141e+00
2.353698730468750000e+00
2.356861829757690430e+00
2.355602264404296875e+00
2.356389760971069336e+00
2.361425399780273438e+00
2.362324237823486328e+00
2.361015319824218750e+00
2.364353179931640625e+00
2.365534067153930664e+00
2.371288299560546875e+00
2.369242668151855469e+00
2.373205184936523438e+00
2.374573230743408203e+00
2.377849578857421875e+00
2.381733179092407227e+00
2.384508371353149414e+00
2.383588552474975586e+00
2.384972333908081055e+00
2.391839027404785156e+00
2.392130136489868164e+00
2.394858837127685547e+00
2.396090745925903320e+00
2.399832248687744141e+00
2.403694868087768555e+00
2.403434753417968750e+00
2.407932281494140625e+00
2.409687519073486328e+00
2.414027452468872070e+00
2.414744377136230469e+00
2.418980598449707031e+00
2.420085668563842773e+00
2.426641225814819336e+00
2.426809310913085938e+00
2.430098295211791992e+00
2.433295011520385742e+00
2.438280582427978516e+00
2.442248582839965820e+00
2.444768667221069336e+00
2.450620174407958984e+00
2.452946662902832031e+00
2.454270601272583008e+00
2.459457397460937500e+00
2.465582132339477539e+00
2.467858552932739258e+00
2.470993518829345703e+00
2.473755598068237305e+00
2.479196548461914062e+00
2.482380867004394531e+00
2.486328125000000000e+00
2.493998289108276367e+00
2.494888305664062500e+00
2.498938798904418945e+00
2.502321004867553711e+00
2.508757114410400391e+00
2.512040376663208008e+00
2.515811681747436523e+00
2.521742343902587891e+00
2.528520107269287109e+00
2.531987905502319336e+00
2.533664941787719727e+00
2.540789842605590820e+00
2.547033786773681641e+00
2.549152612686157227e+00
2.557538032531738281e+00
2.560999393463134766e+00
2.565888643264770508e+00
2.570404767990112305e+00
2.579070329666137695e+00
2.581474304199218750e+00
2.586050033569335938e+00
2.593499422073364258e+00
2.600015878677368164e+00
2.603070974349975586e+00
2.608519077301025391e+00
2.618183135986328125e+00
2.622860670089721680e+00
2.626172304153442383e+00
2.635142564773559570e+00
2.639072656631469727e+00
2.644758462905883789e+00
2.656607389450073242e+00
2.659444093704223633e+00
2.663655519485473633e+00
2.669750690460205078e+00
2.679058551788330078e+00
2.683491468429565430e+00
2.689722299575805664e+00
2.702134132385253906e+00
2.706903457641601562e+00
2.712897062301635742e+00
2.718582391738891602e+00
2.727379322052001953e+00
2.732294797897338867e+00
2.739201784133911133e+00
2.751516819000244141e+00
2.755989074707031250e+00
2.763880014419555664e+00
2.776199102401733398e+00
2.780905485153198242e+00
2.786676645278930664e+00
2.795569658279418945e+00
2.806374073028564453e+00
2.810686111450195312e+00
2.818767309188842773e+00
2.832255601882934570e+00
2.840370178222656250e+00
2.846970081329345703e+00
2.854166507720947266e+00
2.868967533111572266e+00
2.873063564300537109e+00
2.880300283432006836e+00
2.894655704498291016e+00
2.903948068618774414e+00
2.909873485565185547e+00
2.919126749038696289e+00
2.933103561401367188e+00
2.939737081527709961e+00
2.949559450149536133e+00
2.965006113052368164e+00
2.973202705383300781e+00
2.980719327926635742e+00
2.988911390304565430e+00
3.003461837768554688e+00
3.013132333755493164e+00
3.022067546844482422e+00
3.032460689544677734e+00
3.048864841461181641e+00
3.057885646820068359e+00
3.067774295806884766e+00
3.084820508956909180e+00
3.094917535781860352e+00
3.105807781219482422e+00
3.112899303436279297e+00
3.132152080535888672e+00
3.143270015716552734e+00
3.153501272201538086e+00
3.163412809371948242e+00
3.183986425399780273e+00
3.193768739700317383e+00
3.205961227416992188e+00
3.216472625732421875e+00
3.235953807830810547e+00
3.247671127319335938e+00
3.260590553283691406e+00
3.270198345184326172e+00
3.281357765197753906e+00
3.307744979858398438e+00
3.315445661544799805e+00
3.331595897674560547e+00
3.341726064682006836e+00
3.365580558776855469e+00
3.379711389541625977e+00
3.390869140625000000e+00
3.405128955841064453e+00
3.432809829711914062e+00
3.445194244384765625e+00
3.459028005599975586e+00
3.474043130874633789e+00
3.458872795104980469e+00
3.446743011474609375e+00
3.436133146286010742e+00
3.423976659774780273e+00
3.413148641586303711e+00
3.403231620788574219e+00
3.381690263748168945e+00
3.372437953948974609e+00
3.361404418945312500e+00
3.350720167160034180e+00
3.344202518463134766e+00
3.320831298828125000e+00
3.312447547912597656e+00
3.302995204925537109e+00
3.292043447494506836e+00
3.283866882324218750e+00
3.265918970108032227e+00
3.255389451980590820e+00
3.247240543365478516e+00
3.236360788345336914e+00
3.229444265365600586e+00
3.211870193481445312e+00
3.203482151031494141e+00
3.194560289382934570e+00
3.184680461883544922e+00
3.170658826828002930e+00
3.163356304168701172e+00
3.153729200363159180e+00
3.145794868469238281e+00
3.137471914291381836e+00
3.122230291366577148e+00
3.114919662475585938e+00
3.110025405883789062e+00
3.100234270095825195e+00
3.086783409118652344e+00
3.079425096511840820e+00
3.072245597839355469e+00
3.065141201019287109e+00
3.050552129745483398e+00
3.046964168548583984e+00
3.036837816238403320e+00
3.030197858810424805e+00
3.017906188964843750e+00
3.013160228729248047e+00
3.005814075469970703e+00
3.000889062881469727e+00
2.995742321014404297e+00
2.984383106231689453e+00
2.977486133575439453e+00
2.970788955688476562e+00
2.964554309844970703e+00
2.952141284942626953e+00
2.947914123535156250e+00
2.942332506179809570e+00
2.928960084915161133e+00
2.926746845245361328e+00
2.920357465744018555e+00
2.913485050201416016e+00
2.903830528259277344e+00
2.897124767303466797e+00
2.893463373184204102e+00
2.888859987258911133e+00
2.880515098571777344e+00
2.875339508056640625e+00
2.870181560516357422e+00
2.865452289581298828e+00
2.854225635528564453e+00
2.850402832031250000e+00
2.846628427505493164e+00
2.842491149902343750e+00
2.832664966583251953e+00
2.828485727310180664e+00
2.823801755905151367e+00
2.820104598999023438e+00
2.812920808792114258e+00
2.806466579437255859e+00
2.802581310272216797e+00
2.793335437774658203e+00
2.789683103561401367e+00
2.787888765335083008e+00
2.784795761108398438e+00
2.776099205017089844e+00
2.771951198577880859e+00
2.768615245819091797e+00
2.765279531478881836e+00
2.756694555282592773e+00
2.753990411758422852e+00
2.752327680587768555e+00
2.748039484024047852e+00
2.739769697189331055e+00
2.736356258392333984e+00
2.734933614730834961e+00
2.725953578948974609e+00
2.725748538970947266e+00
2.722656250000000000e+00
2.718312025070190430e+00
2.710075139999389648e+00
2.711065292358398438e+00
2.707826852798461914e+00
2.703585386276245117e+00
2.696635007858276367e+00
2.694690704345703125e+00
2.691024780273437500e+00
2.689670562744140625e+00
2.685360670089721680e+00
2.682651519775390625e+00
2.678286552429199219e+00
2.674212217330932617e+00
2.670899391174316406e+00
2.669465780258178711e+00
2.667327165603637695e+00
2.664023637771606445e+00
2.660854101181030273e+00
2.658400535583496094e+00
2.654378414154052734e+00
2.651690721511840820e+00
2.647816896438598633e+00
2.646474838256835938e+00
2.645390033721923828e+00
2.641807317733764648e+00
2.639679670333862305e+00
2.637942790985107422e+00
2.635075092315673828e+00
2.632088661193847656e+00
2.630054235458374023e+00
2.631009340286254883e+00
2.627474546432495117e+00
2.624682903289794922e+00
2.621643781661987305e+00
2.620564699172973633e+00
2.618991613388061523e+00
2.615438938140869141e+00
2.613847494125366211e+00
2.612184524536132812e+00
2.613195419311523438e+00
2.609285354614257812e+00
2.607176065444946289e+00
2.605585098266601562e+00
2.606054306030273438e+00
2.603773117065429688e+00
2.601982355117797852e+00
2.601353883743286133e+00
2.601262331008911133e+00
2.599658966064453125e+00
2.599135875701904297e+00
2.595834016799926758e+00
2.593328952789306641e+00
2.595429182052612305e+00
2.593025684356689453e+00
2.592384338378906250e+00
2.592252731323242188e+00
2.591238737106323242e+00
2.589956760406494141e+00
2.588459253311157227e+00
2.587718725204467773e+00
2.589525222778320312e+00
2.588021516799926758e+00
2.588045597076416016e+00
2.587134599685668945e+00
2.583629131317138672e+00
2.585979700088500977e+00
2.583444595336914062e+00
2.585843086242675781e+00
2.586297750473022461e+00
2.584663391113281250e+00
2.584796667098999023e+00
2.584350585937500000e+00
2.585870027542114258e+00
2.585423946380615234e+00
2.584166765213012695e+00
2.584583282470703125e+00
2.585349321365356445e+00
2.585763692855834961e+00
2.583994865417480469e+00
2.583669662475585938e+00
2.586031198501586914e+00
2.585592746734619141e+00
2.588325262069702148e+00
2.589441061019897461e+00
2.588353633880615234e+00
2.588119506835937500e+00
2.590983629226684570e+00
2.588981628417968750e+00
2.590631008148193359e+00
2.592118024826049805e+00
2.593278884887695312e+00
2.592188119888305664e+00
2.594757080078125000e+00
2.596750020980834961e+00
2.597190380096435547e+00
2.596136331558227539e+00
2.598817825317382812e+00
2.599705457687377930e+00
2.604052066802978516e+00
2.604399919509887695e+00
2.603574752807617188e+00
2.606861829757690430e+00
2.605357885360717773e+00
2.608248949050903320e+00
2.609444856643676758e+00
2.612454891204833984e+00
2.614164829254150391e+00
2.614726066589355469e+00
2.616266250610351562e+00
2.617783069610595703e+00
2.619216680526733398e+00
2.622495174407958984e+00
2.623550653457641602e+00
2.626437187194824219e+00
2.627973794937133789e+00
2.629621505737304688e+00
2.633229494094848633e+00
2.634312152862548828e+00
2.637527942657470703e+00
2.639839649200439453e+00
2.643177509307861328e+00
2.642611503601074219e+00
2.644725799560546875e+00
2.650478363037109375e+00
2.651669740676879883e+00
2.655117034912109375e+00
2.656485080718994141e+00
2.661158561706542969e+00
2.664721727371215820e+00
2.667528390884399414e+00
2.670420169830322266e+00
2.673747301101684570e+00
2.674038171768188477e+00
2.677204608917236328e+00
2.680522918701171875e+00
2.684857606887817383e+00
2.687723636627197266e+00
2.691398620605468750e+00
2.695409536361694336e+00
2.701211929321289062e+00
2.701211690902709961e+00
2.704367160797119141e+00
2.708733558654785156e+00
2.712284326553344727e+00
2.716541290283203125e+00
2.721041679382324219e+00
2.724408626556396484e+00
2.727363824844360352e+00
2.730810403823852539e+00
2.736321926116943359e+00
2.739436149597167969e+00
2.744061231613159180e+00
2.749657630920410156e+00
2.752140522003173828e+00
2.758927106857299805e+00
2.762131452560424805e+00
2.765815019607543945e+00
2.771996259689331055e+00
2.777293682098388672e+00
2.779225111007690430e+00
2.784055709838867188e+00
2.790246963500976562e+00
2.796827316284179688e+00
2.801868915557861328e+00
2.805625677108764648e+00
2.812036752700805664e+00
2.818831682205200195e+00
2.821299076080322266e+00
2.830013990402221680e+00
2.834953784942626953e+00
2.838063716888427734e+00
2.842856407165527344e+00
2.847609043121337891e+00
2.854331493377685547e+00
2.862102985382080078e+00
2.868566989898681641e+00
2.870684385299682617e+00
2.877943515777587891e+00
2.884711265563964844e+00
2.891763210296630859e+00
2.898100376129150391e+00
2.905122995376586914e+00
2.913067340850830078e+00
2.918554782867431641e+00
2.924294471740722656e+00
2.934696197509765625e+00
2.940398931503295898e+00
2.944493770599365234e+00
2.949425458908081055e+00
2.959990978240966797e+00
2.966869115829467773e+00
2.974486351013183594e+00
2.981599092483520508e+00
2.989673852920532227e+00
2.997099637985229492e+00
3.002907752990722656e+00
3.014079332351684570e+00
3.022264719009399414e+00
3.029368162155151367e+00
3.037357807159423828e+00
3.047110795974731445e+00
3.051660537719726562e+00
3.060480594635009766e+00
3.069922208786010742e+00
3.078055381774902344e+00
3.088063001632690430e+00
3.096345186233520508e+00
3.107386112213134766e+00
3.113724708557128906e+00
3.123808383941650391e+00
3.132253170013427734e+00
3.145129680633544922e+00
3.151300668716430664e+00
3.160383224487304688e+00
3.169292688369750977e+00
3.179427862167358398e+00
3.195399284362792969e+00
3.205532073974609375e+00
3.216708421707153320e+00
3.229056358337402344e+00
3.239746570587158203e+00
3.242951393127441406e+00
3.253005266189575195e+00
3.265353441238403320e+00
3.280109882354736328e+00
3.292101144790649414e+00
3.301672458648681641e+00
3.312775850296020508e+00
3.325436592102050781e+00
3.334433078765869141e+00
3.347230911254882812e+00
3.358116149902343750e+00
3.371369600296020508e+00
3.379230499267578125e+00
3.391808271408081055e+00
3.415879964828491211e+00
3.430867433547973633e+00
3.432265520095825195e+00
3.444097757339477539e+00
3.466546058654785156e+00
3.477536678314208984e+00
3.491565942764282227e+00
3.504817485809326172e+00
3.493026018142700195e+00
3.479587793350219727e+00
3.466609001159667969e+00
3.451274871826171875e+00
3.424425363540649414e+00
3.412827253341674805e+00
3.396224975585937500e+00
3.387530565261840820e+00
3.370608568191528320e+00
3.358577966690063477e+00
3.333535671234130859e+00
3.325302124023437500e+00
3.310137271881103516e+00
3.297230720520019531e+00
3.288369417190551758e+00
3.268588066101074219e+00
3.257642745971679688e+00
3.240308523178100586e+00
3.228325366973876953e+00
3.218087673187255859e+00
3.202714920043945312e+00
3.191471576690673828e+00
3.178983449935913086e+00
3.171036243438720703e+00
3.151682138442993164e+00
3.140934944152832031e+00
3.126540899276733398e+00
3.116108655929565430e+00
3.109313964843750000e+00
3.099969863891601562e+00
3.087772846221923828e+00
3.075149774551391602e+00
3.060719966888427734e+00
3.052403926849365234e+00
3.040386438369750977e+00
3.035262107849121094e+00
3.023525476455688477e+00
3.008087396621704102e+00
2.996173381805419922e+00
2.992463350296020508e+00
2.986866712570190430e+00
2.968392848968505859e+00
2.957341909408569336e+00
2.949736118316650391e+00
2.939592838287353516e+00
2.933203935623168945e+00
2.926980733871459961e+00
2.914956808090209961e+00
2.905142784118652344e+00
2.896533727645874023e+00
2.887302875518798828e+00
2.882653951644897461e+00
2.867476940155029297e+00
2.859995365142822266e+00
2.852946281433105469e+00
2.843744993209838867e+00
2.837477684020996094e+00
2.829227685928344727e+00
2.822221755981445312e+00
2.813412666320800781e+00
2.805879831314086914e+00
2.798594951629638672e+00
2.787235736846923828e+00
2.782417535781860352e+00
2.781124353408813477e+00
2.771754264831542969e+00
2.765143156051635742e+00
2.757183551788330078e+00
2.746043682098388672e+00
2.736978292465209961e+00
2.732681274414062500e+00
2.726974487304687500e+00
2.719332933425903320e+00
2.711459398269653320e+00
2.706341981887817383e+00
2.700142145156860352e+00
2.692880392074584961e+00
2.686074018478393555e+00
2.678742408752441406e+00
2.673538923263549805e+00
2.669217824935913086e+00
2.664955139160156250e+00
2.658620119094848633e+00
2.652475118637084961e+00
2.647196769714355469e+00
2.639806270599365234e+00
2.634774923324584961e+00
2.628248214721679688e+00
2.621069431304931641e+00
2.618963956832885742e+00
2.615788936614990234e+00
2.610650062561035156e+00
2.602490425109863281e+00
2.598323106765747070e+00
2.592252731323242188e+00
2.586220979690551758e+00
2.580618858337402344e+00
2.575481653213500977e+00
2.571144580841064453e+00
2.568240404129028320e+00
2.562633991241455078e+00
2.561257123947143555e+00
2.555834531784057617e+00
2.551611423492431641e+00
2.546858787536621094e+00
2.541033267974853516e+00
2.538106203079223633e+00
2.533478260040283203e+00
2.528934717178344727e+00
2.523272275924682617e+00
2.519866704940795898e+00
2.514615774154663086e+00
2.511067152023315430e+00
2.510186433792114258e+00
2.506517410278320312e+00
2.500628709793090820e+00
2.500828027725219727e+00
2.497755765914916992e+00
2.492126226425170898e+00
2.489445447921752930e+00
2.486496686935424805e+00
2.482590913772583008e+00
2.478930473327636719e+00
2.475174427032470703e+00
2.474432945251464844e+00
2.469333887100219727e+00
2.467659235000610352e+00
2.463231086730957031e+00
2.461136341094970703e+00
2.455654382705688477e+00
2.452299833297729492e+00
2.450720310211181641e+00
2.447617769241333008e+00
2.445886850357055664e+00
2.443105697631835938e+00
2.439506530761718750e+00
2.438119649887084961e+00
2.433728218078613281e+00
2.433512926101684570e+00
2.431082248687744141e+00
2.429263353347778320e+00
2.425672531127929688e+00
2.423492670059204102e+00
2.422014713287353516e+00
2.417977571487426758e+00
2.418330907821655273e+00
2.415957450866699219e+00
2.412384271621704102e+00
2.411693572998046875e+00
2.410122871398925781e+00
2.408588171005249023e+00
2.403462171554565430e+00
2.405781745910644531e+00
2.404380083084106445e+00
2.401587724685668945e+00
2.400838136672973633e+00
2.400541543960571289e+00
2.395451068878173828e+00
2.394935131072998047e+00
2.396629333496093750e+00
2.393414735794067383e+00
2.392613172531127930e+00
2.389737129211425781e+00
2.389380216598510742e+00
2.390034914016723633e+00
2.387068748474121094e+00
2.385570049285888672e+00
2.385720491409301758e+00
2.383220195770263672e+00
2.382279396057128906e+00
2.380902051925659180e+00
2.382043838500976562e+00
2.382536649703979492e+00
2.381414175033569336e+00
2.382894515991210938e+00
2.376572608947753906e+00
2.378034830093383789e+00
2.377056598663330078e+00
2.377166271209716797e+00
2.376203060150146484e+00
2.377555847167968750e+00
2.374771595001220703e+00
2.375607490539550781e+00
2.373993635177612305e+00
2.374551534652709961e+00
2.373192310333251953e+00
2.372989892959594727e+00
2.375170946121215820e+00
2.374500274658203125e+00
2.373231410980224609e+00
2.374891996383666992e+00
2.373948812484741211e+00
2.372615098953247070e+00
2.374739170074462891e+00
2.375424861907958984e+00
2.375551939010620117e+00
2.374720811843872070e+00
2.374650239944458008e+00
2.376811981201171875e+00
2.376548767089843750e+00
2.377231359481811523e+00
2.378482818603515625e+00
2.377268075942993164e+00
2.376054763793945312e+00
2.378914356231689453e+00
2.380628347396850586e+00
2.382299423217773438e+00
2.381459712982177734e+00
2.382066726684570312e+00
2.384414672851562500e+00
2.383814334869384766e+00
2.385431766510009766e+00
2.386270761489868164e+00
2.386584043502807617e+00
2.386954545974731445e+00
2.388984918594360352e+00
2.390770912170410156e+00
2.392267942428588867e+00
2.392682075500488281e+00
2.396053552627563477e+00
2.395357131958007812e+00
2.396018981933593750e+00
2.398554801940917969e+00
2.402521133422851562e+00
2.400575637817382812e+00
2.403513908386230469e+00
2.404540538787841797e+00
2.404739379882812500e+00
2.408739566802978516e+00
2.411638021469116211e+00
2.411950349807739258e+00
2.415269374847412109e+00
2.415079355239868164e+00
2.419500350952148438e+00
2.419615745544433594e+00
2.423824071884155273e+00
2.426066398620605469e+00
2.426092386245727539e+00
2.430596113204956055e+00
2.429785013198852539e+00
2.433990240097045898e+00
2.435277462005615234e+00
2.440010309219360352e+00
2.442219734191894531e+00
2.445172548294067383e+00
2.446272373199462891e+00
2.447798967361450195e+00
2.452908515930175781e+00
2.455632209777832031e+00
2.457538843154907227e+00
2.457582950592041016e+00
2.463660717010498047e+00
2.465266227722167969e+00
2.470145225524902344e+00
2.471956014633178711e+00
2.475956439971923828e+00
2.478168487548828125e+00
2.482502698898315430e+00
2.485382556915283203e+00
2.489557027816772461e+00
2.492288112640380859e+00
2.494792699813842773e+00
2.499321699142456055e+00
2.502761363983154297e+00
2.506575822830200195e+00
2.510257482528686523e+00
2.511686086654663086e+00
2.516119480133056641e+00
2.521990060806274414e+00
2.526088714599609375e+00
2.530724525451660156e+00
2.536263465881347656e+00
2.539042472839355469e+00
2.539832353591918945e+00
2.548858165740966797e+00
2.551217079162597656e+00
2.556037902832031250e+00
2.559211015701293945e+00
2.566349744796752930e+00
2.568587303161621094e+00
2.573088407516479492e+00
2.578165292739868164e+00
2.583716630935668945e+00
2.589163541793823242e+00
2.592009067535400391e+00
2.599426746368408203e+00
2.603964090347290039e+00
2.609173059463500977e+00
2.616168022155761719e+00
2.617508649826049805e+00
2.622389793395996094e+00
2.627331733703613281e+00
2.638177156448364258e+00
2.639844179153442383e+00
2.646702527999877930e+00
2.655324935913085938e+00
2.659231424331665039e+00
2.664510011672973633e+00
2.670370101928710938e+00
2.678725719451904297e+00
2.681690931320190430e+00
2.685926198959350586e+00
2.697103261947631836e+00
2.701337337493896484e+00
2.706270694732666016e+00
2.712788343429565430e+00
2.720652103424072266e+00
2.728016138076782227e+00
2.729567050933837891e+00
2.743366718292236328e+00
2.748028516769409180e+00
2.755017995834350586e+00
2.758632183074951172e+00
2.771184921264648438e+00
2.776860475540161133e+00
2.782680511474609375e+00
2.792499303817749023e+00
2.798743963241577148e+00
2.805683612823486328e+00
2.811994314193725586e+00
2.824195861816406250e+00
2.829503297805786133e+00
2.835671424865722656e+00
2.850202322006225586e+00
2.855415582656860352e+00
2.860049009323120117e+00
2.866648197174072266e+00
2.882493972778320312e+00
2.888462305068969727e+00
2.897334098815917969e+00
2.910580396652221680e+00
2.915113925933837891e+00
2.924407482147216797e+00
2.931443929672241211e+00
2.944437503814697266e+00
2.952481985092163086e+00
2.959014892578125000e+00
2.974594116210937500e+00
2.981701374053955078e+00
2.989524602890014648e+00
2.998873472213745117e+00
3.015619516372680664e+00
3.023417472839355469e+00
3.032284736633300781e+00
3.040181398391723633e+00
3.054868459701538086e+00
3.065442085266113281e+00
3.072387695312500000e+00
3.082063198089599609e+00
3.101918220520019531e+00
3.108937025070190430e+00
3.119621276855468750e+00
3.138030767440795898e+00
3.148333072662353516e+00
3.156461000442504883e+00
3.165996074676513672e+00
3.184743881225585938e+00
3.195765495300292969e+00
3.205564022064208984e+00
3.214948654174804688e+00
3.235578536987304688e+00
3.247339487075805664e+00
3.260202646255493164e+00
3.268700599670410156e+00
3.280632495880126953e+00
3.302557468414306641e+00
3.314396381378173828e+00
3.325042486190795898e+00
3.336960315704345703e+00
3.359825849533081055e+00
3.372463941574096680e+00
3.384648323059082031e+00
3.397039651870727539e+00
3.422319889068603516e+00
3.433694839477539062e+00
3.447593212127685547e+00
3.460779666900634766e+00
3.474514722824096680e+00
3.502512931823730469e+00
3.515208959579467773e+00
3.529070377349853516e+00
3.542708158493041992e+00
3.555649280548095703e+00
3.585381507873535156e+00
3.602395534515380859e+00
3.616425275802612305e+00
3.631841659545898438e+00
3.647077322006225586e+00
3.677026987075805664e+00
3.694267511367797852e+00
3.710438728332519531e+00
3.726125478744506836e+00
3.740278720855712891e+00
3.778794288635253906e+00
3.793219327926635742e+00
3.810472011566162109e+00
3.830149173736572266e+00
3.848840951919555664e+00
3.645349264144897461e+00
3.632432699203491211e+00
3.625041246414184570e+00
3.616441249847412109e+00
3.602651596069335938e+00
3.603188514709472656e+00
3.640226602554321289e+00
3.659646749496459961e+00
3.679767370223999023e+00
3.697166204452514648e+00
3.718720436096191406e+00
3.736821651458740234e+00
3.779915571212768555e+00
3.798765420913696289e+00
3.821430444717407227e+00
3.841364383697509766e+00
3.862665891647338867e+00
3.882907390594482422e+00
3.930210590362548828e+00
3.952388525009155273e+00
3.975689411163330078e+00
3.999131441116333008e+00
4.025325298309326172e+00
4.046661853790283203e+00
4.074359893798828125e+00
4.096857547760009766e+00
4.152392864227294922e+00
4.180777549743652344e+00
4.207393646240234375e+00
4.235212326049804688e+00
4.259119987487792969e+00
4.291336059570312500e+00
4.320219039916992188e+00
4.352040290832519531e+00
4.412785530090332031e+00
2.100000000000000000e+01
4.932532310485839844e+00
4.963523864746093750e+00
4.996219158172607422e+00
5.040061950683593750e+00
5.120356559753417969e+00
5.159020900726318359e+00
5.197214126586914062e+00
5.236544132232666016e+00
5.276567935943603516e+00
5.328494071960449219e+00
5.373608112335205078e+00
5.418619155883789062e+00
5.464495182037353516e+00
5.511878967285156250e+00
5.561703681945800781e+00
5.600027561187744141e+00
5.650444984436035156e+00
5.706554412841796875e+00
5.760056018829345703e+00
5.818956375122070312e+00
5.861522197723388672e+00
5.986182212829589844e+00
6.035896301269531250e+00
6.102133750915527344e+00
6.155031204223632812e+00
6.227237701416015625e+00
6.279749393463134766e+00
6.356580257415771484e+00
6.416484832763671875e+00
6.496464729309082031e+00
6.563206672668457031e+00
6.650690555572509766e+00
6.719095230102539062e+00
6.787849903106689453e+00
6.885065555572509766e+00
6.960224151611328125e+00
7.040972709655761719e+00
7.122474193572998047e+00
7.203747749328613281e+00
7.320841789245605469e+00
7.411533355712890625e+00
7.506455421447753906e+00
7.603353023529052734e+00
7.189134597778320312e+00
7.179321765899658203e+00
7.169251441955566406e+00
7.204758644104003906e+00
7.308755874633789062e+00
7.417426109313964844e+00
7.532011985778808594e+00
7.650141716003417969e+00
7.772173881530761719e+00
7.900521278381347656e+00
8.037002563476562500e+00
9.070511817932128906e+00
2.100000000000000000e+01
9.235277175903320312e+00
9.403757095336914062e+00
9.584716796875000000e+00
9.773982048034667969e+00
9.971883773803710938e+00
1.010945415496826172e+01
1.032592487335205078e+01
1.055220985412597656e+01
1.071206188201904297e+01
1.096013164520263672e+01
1.122383403778076172e+01
1.140940093994140625e+01
1.169956016540527344e+01
1.201020908355712891e+01
1.222768402099609375e+01
1.209403419494628906e+01
1.208545780181884766e+01
1.211137485504150391e+01
1.248990726470947266e+01
1.275685119628906250e+01
2.100000000000000000e+01
1.437438583374023438e+01
1.470530033111572266e+01
1.523877048492431641e+01
1.561839771270751953e+01
1.623143005371093750e+01
1.667185401916503906e+01
1.738558578491210938e+01
1.789579200744628906e+01
2.100000000000000000e+01
1.844654273986816406e+01
1.926338958740234375e+01
1.925351905822753906e+01
1.924189376831054688e+01
1.923501205444335938e+01
1.922640037536621094e+01
1.921595764160156250e+01
1.920751762390136719e+01
1.919198417663574219e+01
1.918589591979980469e+01
1.917868423461914062e+01
1.917100906372070312e+01
1.916687774658203125e+01
1.916034507751464844e+01
1.915581512451171875e+01
1.914908790588378906e+01
1.914457511901855469e+01
1.913925170898437500e+01
1.913648414611816406e+01
1.913187026977539062e+01
1.913036727905273438e+01
1.912751579284667969e+01
1.912486457824707031e+01
1.912009239196777344e+01
1.911903953552246094e+01
1.911749076843261719e+01
1.911658668518066406e+01
1.911536407470703125e+01
1.911511421203613281e+01
2.100000000000000000e+01
# --save end--
