# --xy save start--
-0.03513
-0.04791
-0.04254
-0.03181
-0.02193
-0.01065
0.00067
-0.04103
-0.03068
-0.01998
-0.01030
-0.00882
-0.04100
-0.03107
-0.01898
-0.00767
-0.02599
-0.04144
-0.02795
-0.01784
-0.00608
-0.03730
-0.04023
-0.02790
-0.01794
-0.00447
-0.04870
-0.04008
-0.02618
-0.01455
-0.00329
-0.04937
-0.03836
-0.02682
-0.01352
-0.00103
-0.04829
-0.03684
-0.02382
-0.01195
-0.00671
-0.05075
-0.05407
-0.05148
-0.04968
-0.05294
-0.04510
-0.02982
-0.01644
-0.00633
-0.03685
-0.04219
-0.02813
-0.01480
-0.00647
-0.05139
-0.03700
-0.02327
-0.00718
-0.02053
-0.05403
-0.04203
-7.61655
0.03430
0.04965
0.06088
0.07727
0.09563
0.08373
0.05061
0.05066
0.05314
0.05044
0.05024
0.03124
-0.00329
-0.03735
-0.01939
0.05079
0.01306
-0.01645
-0.04954
-0.04170
-0.02255
-0.00296
-0.03146
-0.05124
-0.02991
-0.01021
-0.02089
-0.04887
-0.03877
-0.01565
-0.00982
-0.03858
-0.04825
-0.02829
-0.00530
-0.03014
-0.05924
-0.03441
-0.00995
-0.02157
-0.05164
-0.03800
-0.01329
-0.01989
-0.04710
-0.04185
-0.01646
-0.01623
-0.04222
-0.04946
-0.01873
-0.01532
-0.04073
-0.04954
-0.01606
-0.01693
-0.04514
-0.04813
-0.01078
-0.02210
-0.04820
-0.04306
-0.00855
-0.02823
-0.05334
-0.06023
-0.06419
-0.06271
-0.06118
-0.02593
-0.01983
-0.04242
-0.05470
-0.00620
-0.02774
-0.05967
-0.03258
-0.01693
-0.04224
-0.06252
-0.00732
-0.03380
-0.17904
-0.14755
-0.07551
-0.02084
-0.17216
-0.09104
-0.00598
-0.19345
-0.10762
-0.01412
-0.15881
-0.11394
-0.01174
-0.02998
-0.05514
-0.01273
-0.03557
-0.06245
-0.00768
-0.04149
-0.06694
-0.01620
-0.04124
-0.07537
-0.02556
-0.05170
-0.01826
-0.03886
-0.06561
-0.01714
-0.04238
-0.07846
-0.03155
-0.05735
-0.01216
-0.05156
-0.07461
-0.05713
-0.02505
-0.06492
-0.04257
-0.01038
-0.05327
-0.01620
-0.07040
-0.03497
-0.07521
-0.03641
-0.06921
-0.05420
-0.02465
-0.05397
-0.01106
-0.05559
-0.02393
-0.06934
-0.02252
-0.06843
-0.01578
-0.07777
-0.02541
-0.07100
-0.01498
-0.06263
-0.03195
-0.06837
-0.04977
-0.05110
-0.07612
-0.03364
-0.10428
-0.02728
-0.08046
-0.04926
-0.04966
-0.08591
-0.00788
-0.08553
-0.07118
-0.04044
-0.10137
-0.04815
-0.03893
-0.09846
-0.06913
-0.04663
-0.11015
-0.07534
-0.02638
-0.06603
-0.09805
-0.05537
-0.01680
-0.09175
-0.11759
-0.08586
-0.06050
-0.03385
-0.07011
-0.11576
-0.09872
-0.07370
-0.05177
-0.07766
-0.06919
-0.05772
-0.04762
-0.04025
-0.03419
-0.04125
-0.14550
-0.14056
-0.13622
-0.12737
-0.11842
-0.09437
-0.07806
-0.05940
-0.03533
-0.09708
-0.18023
0.00538
0.02305
0.09238
0.16217
0.20395
0.05547
-0.05188
-0.04464
-0.05328
-0.14157
-0.11318
-0.11697
-0.12230
-0.13070
0.32402
0.23826
0.06941
-0.15224
-0.30671
-0.14530
-0.09058
-0.08397
-0.23819
-0.23056
-0.21165
-0.17995
-0.13294
-0.22991
-0.21089
-0.17235
-0.23790
-0.26314
-0.17631
-0.20755
-0.29991
-0.36574
-0.26971
0.06881
0.17466
0.14345
-0.09396
-0.22199
-0.31411
-0.26161
-0.07476
0.00000
0.00000
0.00000
0.00000
0.00000
0.00000
0.00000
0.00000
0.00000
0.00000
0.00000
0.00000
0.00000
0.00000
0.00000
0.00000
0.00000
0.00000
0.00000
0.00000
0.00000
0.00000
0.00000
0.00000
0.00000
0.00000
0.00000
0.00000
0.00000
0.00000
0.00000
0.00000
0.00000
0.00000
0.00000
0.00000
0.00000
0.00000
0.00000
0.00000
0.00000
0.00000
0.00000
0.00000
0.00000
0.00000
0.00000
0.00000
0.00000
0.00000
0.00000
0.00000
0.00000
0.00000
-0.00033
-0.00481
-0.00930
-0.01378
-0.01827
-0.02275
-0.02723
-0.03172
-0.03620
-0.04069
-0.04517
-0.04965
-0.05414
-0.05862
-0.06311
-0.06759
-0.07208
-0.07656
-0.08104
-0.08553
-0.09001
-0.09450
-0.09898
-0.10346
-0.10795
-0.11243
-0.11692
-0.12140
-0.12588
-0.13037
-0.13485
-0.13934
-0.14382
-0.14831
-0.15279
-0.15727
-0.16176
-0.16624
-0.17073
-0.17521
-0.17969
-0.18418
-0.18866
-0.19315
-0.19763
-0.20212
-0.20660
0.28185
0.33397
0.34442
0.45420
1.20749
0.47747
0.27089
0.11993
-0.31408
0.35045
0.33401
0.29868
0.27672
0.30998
0.39077
0.31433
0.24562
0.32272
0.25710
0.27917
0.29892
0.29058
0.27064
0.25407
0.26461
0.26058
0.24516
0.23066
0.22464
0.24792
0.22130
0.20529
0.19636
0.24399
0.19617
0.18472
0.17309
0.22014
0.20576
0.19379
0.16644
0.19789
0.18715
0.17468
0.16566
0.20252
0.17790
0.18981
0.14958
0.18272
0.17021
0.17469
0.15228
-0.04338
0.34250
0.32246
0.32016
0.32009
0.30786
0.26337
0.20604
0.14830
0.14693
0.23230
0.31202
0.39555
0.12226
0.07890
0.13839
0.16869
0.14136
0.08819
0.10194
0.16683
0.12654
0.07087
0.12989
0.14087
0.09866
0.15475
0.12997
0.18513
0.14385
0.28592
0.24485
0.11304
0.11761
0.12113
0.11220
0.16923
0.11422
0.11166
0.11430
0.11058
0.10216
0.10539
0.11042
0.10886
0.10350
0.09748
0.10515
0.17300
0.10275
0.09677
0.09907
0.09676
0.09955
0.09583
0.09647
0.09714
0.08390
0.09764
0.09200
0.09371
0.09496
0.08335
0.09398
0.09463
0.12709
0.13711
0.08574
0.07733
0.08907
0.09023
0.08723
0.08357
0.08045
0.16115
0.12364
0.09320
0.08264
0.07997
0.08120
0.08063
0.08822
0.08101
0.08060
0.08061
0.07905
0.08669
0.07103
0.08230
0.08300
0.07700
0.07974
0.07421
0.07229
0.07258
0.07987
0.07878
0.07574
0.10410
0.12763
0.07436
0.07323
0.07413
0.08485
0.10958
0.13471
0.08027
0.10482
0.13136
0.06959
0.06788
0.06669
0.07008
0.10496
0.13224
0.07206
0.09939
0.12207
0.08063
0.09304
0.12070
0.09332
0.06481
0.06387
0.06520
0.06853
0.10343
0.12580
0.07707
0.06668
0.06486
0.06479
0.06554
0.06611
0.06549
0.06302
0.06338
0.06247
0.06318
0.07053
0.10017
0.11710
0.07564
0.05995
0.05986
0.06139
0.06135
0.06235
0.06246
0.06250
0.05840
0.05822
0.05710
0.05817
0.06436
0.09580
0.10534
0.08064
0.05920
0.06280
0.05411
0.05700
0.06662
0.09999
0.09896
0.07654
0.05579
0.05645
0.05703
0.05653
0.06278
0.09831
0.09942
0.07616
0.05683
0.08978
0.09887
0.08047
0.06134
0.08427
0.10169
0.08446
0.06459
0.05736
0.05756
0.05594
0.05765
0.06454
0.10497
0.09309
0.07514
0.05487
0.08682
0.09679
0.08069
0.06180
0.05301
0.05351
0.05368
0.05280
0.05532
0.05435
0.05413
0.05436
0.05522
0.07186
0.09790
0.08443
0.06930
0.05395
0.09954
0.09080
0.07814
0.06094
0.05298
0.04831
0.05186
0.05283
0.05184
0.05172
0.04992
0.05051
0.04961
0.05167
0.09879
0.08575
0.07206
0.06067
0.07656
0.09354
0.08190
0.06741
0.05507
0.05135
0.05216
0.05144
0.05014
0.05167
0.05044
0.05030
0.05137
0.05089
0.04983
0.04959
0.05212
0.04935
0.05007
0.05040
0.04989
0.04903
0.04966
0.05005
0.09485
0.08395
0.07165
0.06243
# --xy save end--
