# --xy save start--
2.34784
2.35025
2.35057
2.35020
2.35068
2.34977
2.34881
2.35016
2.35063
2.35076
2.35190
2.35444
2.35240
2.35378
2.35301
2.35301
2.35474
2.35636
2.35470
2.35642
2.35649
2.35838
2.35999
2.36003
2.36245
2.36135
2.36601
2.36607
2.36513
2.36645
2.36814
2.36952
2.37207
2.37410
2.37437
2.37545
2.37710
2.37988
2.38108
2.38344
2.38246
2.38586
2.39107
2.39036
2.39044
2.39559
2.39644
2.39682
2.39912
2.40467
2.40431
2.40769
2.41009
2.41322
2.41627
2.41713
2.41881
2.42240
2.42362
2.42629
2.43182
2.42265
10.00000
2.35198
2.33945
2.34170
2.34452
2.34537
2.35336
2.35376
2.35703
2.35787
2.36389
2.36740
2.37144
2.37494
2.37796
2.38089
2.38263
2.39044
2.39062
2.39502
2.40163
2.40503
2.40799
2.40967
2.41633
2.41895
2.42320
2.42949
2.43159
2.43556
2.43791
2.44692
2.45096
2.45415
2.46131
2.46546
2.47047
2.47588
2.47992
2.48440
2.48844
2.49577
2.49796
2.50418
2.51212
2.51742
2.51855
2.52629
2.53282
2.53766
2.54558
2.55039
2.55542
2.56038
2.56824
2.57298
2.57983
2.58821
2.59313
2.59700
2.60717
2.61403
2.61882
2.62887
2.63496
2.64135
2.64590
2.65694
2.66253
2.66808
2.68039
2.68634
2.69115
2.70221
2.71012
2.71430
2.72886
2.73479
2.74025
2.74857
2.76125
2.76645
2.77630
2.90491
2.91911
2.92724
2.93320
2.94818
2.95536
2.96345
2.97426
2.98602
2.99745
3.00539
3.01233
3.02772
3.03675
3.04587
3.06590
3.07296
3.08405
3.09082
3.10907
3.11897
3.12892
3.13863
3.15742
3.16752
3.17852
3.18912
3.20973
3.22154
3.23140
3.24188
3.26320
3.27398
3.28520
3.29695
3.32194
3.33056
3.34392
3.35589
3.36746
3.39127
3.40510
3.42091
3.43222
3.45819
3.47349
3.48453
3.49896
3.51183
3.54246
3.55654
3.56984
3.58556
3.60122
3.63113
3.64713
3.66501
3.68106
3.69642
3.72825
3.74743
3.76272
3.78198
3.79936
3.83402
3.85436
3.87083
3.89112
3.91385
3.93302
3.97084
3.99205
4.01355
4.03276
4.05650
4.07557
4.09664
4.14199
4.16745
4.19096
4.21782
4.23737
4.26475
4.28918
4.34046
4.36629
4.39494
4.41989
4.44607
4.47266
4.50836
4.53613
4.56531
4.62751
4.65361
4.68588
4.72236
4.75550
4.78403
4.82130
4.86118
4.89139
4.92310
5.00111
5.04335
5.08125
5.11925
5.15875
5.19842
5.25011
5.29402
5.33611
5.38206
5.42704
5.47580
5.51371
5.56400
5.61705
5.67030
5.77146
5.82989
5.73825
5.73204
5.72092
5.71062
5.72980
5.77900
5.84813
5.90328
5.97567
6.03279
6.11096
6.17383
6.23710
6.32604
6.39622
6.46699
6.54009
6.61555
7.19141
7.28176
7.37216
7.46684
7.56720
7.66889
7.77403
7.88390
7.99935
8.11758
8.24140
8.37291
8.50481
8.64568
8.79588
8.89366
9.05347
9.21975
9.29139
9.28061
9.26971
9.32638
9.52229
9.72946
9.87270
10.00000
10.00000
10.00000
10.00000
10.00000
10.00000
10.00000
10.00000
10.00000
10.00000
10.00000
10.00000
10.00000
10.00000
10.00000
10.00000
10.00000
10.00000
10.00000
10.00000
10.00000
10.00000
10.00000
10.00000
10.00000
10.00000
10.00000
10.00000
10.00000
10.00000
10.00000
10.00000
10.00000
10.00000
10.00000
10.00000
10.00000
10.00000
10.00000
10.00000
10.00000
10.00000
10.00000
10.00000
10.00000
10.00000
10.00000
10.00000
10.00000
10.00000
10.00000
10.00000
10.00000
10.00000
10.00000
10.00000
10.00000
10.00000
10.00000
10.00000
10.00000
10.00000
10.00000
10.00000
10.00000
10.00000
10.00000
10.00000
10.00000
10.00000
10.00000
10.00000
10.00000
10.00000
10.00000
10.00000
10.00000
10.00000
10.00000
10.00000
10.00000
10.00000
10.00000
10.00000
10.00000
10.00000
10.00000
10.00000
10.00000
10.00000
10.00000
10.00000
10.00000
10.00000
10.00000
10.00000
10.00000
10.00000
10.00000
10.00000
10.00000
10.00000
10.00000
9.50263
9.26466
9.20375
8.92520
8.79251
8.69631
8.70146
8.71220
9.18468
8.95671
8.82354
8.71415
8.59604
8.42716
8.30858
8.16419
8.10942
7.91263
7.86200
7.72714
7.59782
7.49967
7.41607
7.33200
7.22358
7.13235
7.05503
6.97921
6.89728
6.78833
6.73143
6.66597
6.59543
6.47037
6.44253
6.38018
6.31976
6.20230
6.14796
6.09274
6.05443
5.95883
5.90674
5.85790
5.80689
5.71123
5.67838
5.61024
5.59538
5.50826
5.46788
5.41167
5.38340
5.34155
4.88547
4.84940
4.81403
4.76368
4.71566
4.68664
4.65178
4.58964
4.57470
4.54465
4.51010
4.45900
4.42088
4.40341
4.36918
4.32283
4.28602
4.27278
4.24706
4.20031
4.17013
4.15247
4.12327
4.08490
4.04861
4.03943
4.03563
4.04428
4.05741
4.06899
4.08142
4.18525
4.15304
4.12220
4.10445
4.08292
4.05931
4.02711
3.99924
3.97817
3.96221
3.93481
3.90621
3.88437
3.86676
3.85013
3.82008
3.79441
3.78003
3.76348
3.74002
3.72166
3.69832
3.68193
3.66135
3.64110
3.63497
3.60219
3.58899
3.56877
3.54917
3.54280
3.51430
3.49618
3.48371
3.45976
3.45611
3.44560
3.41738
3.40009
3.38709
3.37498
3.36259
3.33512
3.32673
3.31128
3.30019
3.28828
3.27263
3.25908
3.23737
3.23086
3.21758
3.20407
3.19239
3.17151
3.17428
3.15021
3.13678
3.13040
3.11528
3.10863
3.09859
3.08633
3.06739
3.05692
3.04840
3.03656
3.02967
3.01636
3.00672
2.99506
2.98039
2.97281
2.96483
2.95487
2.94775
2.93863
2.92796
2.92004
2.91160
2.90321
2.88641
2.87721
2.86938
2.86048
2.85623
2.84532
2.83463
2.82579
2.82114
2.81524
2.80796
2.79840
2.79235
2.77710
2.77045
2.76433
2.75750
2.75177
2.74428
2.73609
2.72829
2.72167
2.71691
2.70958
2.70357
2.69595
2.68756
2.67968
2.67213
2.67250
2.66608
2.65987
2.65204
2.64578
2.63872
2.63262
2.62658
2.62469
2.61916
2.61457
2.60779
2.60145
2.59470
2.58988
2.58273
2.57949
2.57075
2.57430
2.56628
2.56078
2.55404
2.55047
2.54459
2.54304
2.53779
2.53262
2.52853
2.52291
2.51638
2.51440
2.51237
2.50641
2.50378
2.50027
2.49473
2.48991
2.48688
2.48456
2.47910
2.47626
2.47063
2.46688
2.46495
2.45968
2.45673
2.45210
2.45162
2.44911
2.44891
2.44427
2.44044
2.43709
2.43652
2.43235
2.42904
2.42605
2.42411
2.41877
2.41715
2.41478
2.41197
2.40853
2.40967
2.40662
2.40328
2.40160
2.40015
2.39638
2.39507
2.39170
2.39286
2.38837
2.39115
2.38572
2.38286
2.38197
2.38036
2.38050
2.37825
2.37750
2.37378
2.37197
2.37103
2.37074
2.36816
2.36575
2.36542
2.36369
2.36480
2.36378
2.36108
2.35928
2.35902
2.35933
2.35681
2.35725
2.35662
2.35479
2.35450
2.35481
2.35450
2.35142
2.35365
2.35238
2.35157
2.35177
2.35229
2.35133
2.35062
2.35079
2.35089
2.35239
2.35081
# --xy save end--
