# --xy save start--
2.31271
2.30234
2.30802
2.31839
2.32875
2.33912
2.34948
2.30912
2.31995
2.33077
2.34160
2.34562
2.31140
2.32272
2.33403
2.34534
2.32875
2.31492
2.32675
2.33858
2.35041
2.32109
2.31976
2.33213
2.34450
2.35688
2.31731
2.32599
2.33894
2.35190
2.36485
2.32014
2.33371
2.34728
2.36085
2.37442
2.32881
2.34304
2.35726
2.37149
2.37575
2.33511
2.33700
2.33888
2.34077
2.34265
2.35134
2.36701
2.38268
2.39834
2.36747
2.36549
2.38196
2.39842
2.40981
2.36574
2.38181
2.39912
2.41644
2.40577
2.37779
2.38062
2.38345
2.38627
2.38910
2.40259
2.42179
2.44099
2.43709
2.40438
2.40769
2.41101
2.41433
2.41764
2.40268
2.37164
2.34061
2.36150
2.43342
2.40350
2.37417
2.34548
2.35992
2.38248
2.40503
2.37821
2.36509
2.38904
2.41299
2.40861
2.38272
2.39679
2.42226
2.43710
2.41237
2.40590
2.43303
2.46016
2.44033
2.41665
2.44550
2.47445
2.46687
2.44412
2.45996
2.49089
2.49223
2.47032
2.47670
2.50982
2.51658
2.49544
2.49612
2.53167
2.54010
2.51965
2.51870
2.55692
2.56289
2.54307
2.54500
2.58622
2.58507
2.56583
2.57576
2.62032
2.60673
2.58801
2.58567
2.59275
2.59982
2.60690
2.65445
2.66651
2.64873
2.64751
2.70392
2.68656
2.66919
2.70221
2.72332
2.70633
2.69873
2.75913
2.74250
2.72587
2.77156
2.85173
2.91236
2.77601
2.86433
2.95747
2.78081
2.87840
2.98333
2.84657
2.89839
3.01598
3.00676
2.99073
3.05318
3.03739
3.02160
3.08314
3.06758
3.05203
3.11272
3.09739
3.08205
3.14196
3.12683
3.17086
3.17088
3.15594
3.21426
3.19950
3.18474
3.24244
3.22785
3.28480
3.27037
3.25595
3.28679
3.33083
3.30254
3.34870
3.39472
3.36764
3.41602
3.38779
3.43853
3.40932
3.46254
3.44262
3.48825
3.53189
3.51587
3.57450
3.54563
3.60720
3.57778
3.64248
3.61263
3.68064
3.65049
3.72202
3.69172
3.76700
3.73674
3.80207
3.78600
3.82107
3.84002
3.83773
3.89938
3.86656
3.96477
3.93309
3.98350
4.00684
3.98967
4.08876
4.05646
4.09627
4.15053
4.11644
4.18922
4.22582
4.19072
4.27133
4.31965
4.28479
4.34455
4.41969
4.40663
4.41031
4.48076
4.54850
4.53576
4.53601
4.60003
4.66185
4.72165
4.71392
4.70554
4.76246
4.81769
4.87132
4.92345
4.97416
5.02353
5.07162
5.11851
5.16424
5.20886
5.14852
5.19556
5.24584
5.29967
5.35737
5.41933
5.48594
5.55766
5.63497
5.67438
5.64967
5.74363
5.75510
5.81330
5.87280
5.93375
5.83447
5.79625
5.85864
5.92239
5.89122
5.99778
6.05685
6.11479
6.19534
6.72025
6.70525
6.60950
6.46332
6.88470
7.13646
7.28158
7.38288
7.32901
7.43832
7.56238
7.70395
7.86641
7.88766
8.03051
8.20056
8.26690
8.38254
8.61957
8.68611
8.75355
8.85401
9.02168
9.34942
9.44437
9.46983
9.42833
9.50747
9.55860
9.73839
9.92524
10.00000
10.00000
10.00000
10.00000
10.00000
10.00000
10.00000
10.00000
10.00000
10.00000
10.00000
10.00000
10.00000
10.00000
10.00000
10.00000
10.00000
10.00000
10.00000
10.00000
10.00000
10.00000
10.00000
10.00000
10.00000
10.00000
10.00000
10.00000
10.00000
10.00000
10.00000
10.00000
10.00000
10.00000
10.00000
10.00000
10.00000
10.00000
10.00000
10.00000
10.00000
10.00000
10.00000
10.00000
10.00000
10.00000
10.00000
10.00000
10.00000
10.00000
10.00000
10.00000
10.00000
10.00000
9.99967
9.99519
9.99070
9.98622
9.98173
9.97725
9.97277
9.96828
9.96380
9.95931
9.95483
9.95035
9.94586
9.94138
9.93689
9.93241
9.92792
9.92344
9.91896
9.91447
9.90999
9.90550
9.90102
9.89654
9.89205
9.88757
9.88308
9.87860
9.87412
9.86963
9.86515
9.86066
9.85618
9.85169
9.84721
9.84273
9.83824
9.83376
9.82927
9.82479
9.82031
9.81582
9.81134
9.80685
9.80237
9.79788
9.79340
9.78448
9.59863
9.54818
9.37940
10.00000
9.17378
8.97235
8.83213
8.87060
9.30716
9.15755
9.01283
8.87276
8.73713
8.69935
8.47853
8.35504
8.23535
8.11910
8.00631
7.89675
7.79025
7.68671
7.58608
7.48819
7.39293
7.30019
7.20986
7.12193
7.03625
6.95273
6.87126
6.79178
6.71435
6.63871
6.56490
6.49285
6.42243
6.35372
6.28652
6.22087
6.15672
6.09388
6.03258
5.97255
5.91375
5.85628
5.80005
5.74496
5.69098
5.63809
5.58635
5.53567
5.29817
5.22797
5.17186
5.13419
5.08377
5.02352
4.95001
4.85782
4.73794
4.72163
4.77695
4.82212
4.85456
4.54314
4.48230
4.50757
4.49151
4.42739
4.36096
4.34900
4.36714
4.29668
4.22334
4.25317
4.22576
4.14728
4.19418
4.16560
4.22941
4.20126
4.35492
4.32627
4.29829
4.27065
4.24333
4.21665
4.25215
4.17352
4.13877
4.11354
4.08875
4.06437
4.04020
4.01663
3.99323
3.97026
3.94761
3.92523
3.96741
3.88279
3.86025
3.83909
3.81841
3.79788
3.77776
3.75782
3.73824
3.71887
3.69983
3.68099
3.66248
3.64414
3.62615
3.60828
3.59081
3.61080
3.59687
3.54185
3.52293
3.50645
3.49032
3.47433
3.45855
3.44304
3.49627
3.45037
3.40448
3.38283
3.36825
3.35383
3.33971
3.32559
3.31186
3.29819
3.28468
3.27144
3.25820
3.24531
3.23251
3.21978
3.20740
3.19501
3.18285
3.17088
3.15891
3.14726
3.13570
3.12414
3.14067
3.15730
3.09072
3.07995
3.06918
3.06523
3.08239
3.09954
3.03513
3.05258
3.06999
2.99756
2.98792
2.97829
2.97329
2.99137
3.00946
2.94144
2.95987
2.97830
2.92595
2.92767
2.94648
2.91446
2.88005
2.87183
2.86361
2.86088
2.88053
2.89625
2.84140
2.82418
2.81663
2.80908
2.80163
2.79440
2.78717
2.77994
2.77296
2.76604
2.75913
2.75810
2.77985
2.78923
2.74813
2.72603
2.71973
2.71343
2.70713
2.70108
2.69508
2.68908
2.68309
2.67738
2.67167
2.66596
2.66581
2.69050
2.69522
2.66338
2.63870
2.63356
2.62842
2.62328
2.62740
2.65403
2.64943
2.62113
2.59884
2.59424
2.58965
2.58506
2.58569
2.61469
2.61382
2.58853
2.56324
2.59356
2.59914
2.57519
2.55125
2.57115
2.58625
2.56355
2.54086
2.52800
2.52444
2.52089
2.51734
2.52127
2.55708
2.54471
2.52425
2.50379
2.53109
2.53723
2.51777
2.49832
2.48536
2.48255
2.47973
2.47691
2.47409
2.47149
2.46891
2.46633
2.46375
2.48153
2.50452
2.48771
2.47090
2.45410
2.49592
2.48587
2.46984
2.45380
2.44135
2.43946
2.43758
2.43570
2.43381
2.43207
2.43042
2.42876
2.42710
2.42545
2.47076
2.45678
2.44280
2.42882
2.44231
2.45896
2.44559
2.43222
2.41885
2.41243
2.41145
2.41046
2.40947
2.40849
2.40768
2.40692
2.40615
2.40539
2.40464
2.40409
2.40355
2.40300
2.40245
2.40198
2.40165
2.40132
2.40100
2.40067
2.44564
2.43484
2.42404
2.41324
# --xy save end--
