# --xy save start--
-0.03088
-0.04069
-0.04556
-0.03780
-0.02718
-0.01578
-0.00651
-0.04905
-0.03481
-0.02574
-0.01692
-0.00584
-0.04775
-0.03502
-0.02634
-0.01605
-0.00475
-0.04765
-0.03602
-0.02557
-0.01403
-0.00428
-0.04872
-0.03654
-0.02374
-0.01238
-0.00123
-0.04775
-0.03518
-0.02137
-0.01125
-0.01167
-0.04620
-0.03504
-0.02234
-0.00845
-0.02736
-0.04522
-0.03284
-0.01851
-0.00679
-0.03921
-0.05435
-0.05162
-0.05348
-0.05294
-0.05213
-0.04223
-0.02597
-0.01444
-0.01293
-0.05186
-0.03768
-0.02357
-0.00780
-0.03111
-0.04831
-0.03438
-0.01786
-0.00381
-0.04531
-0.04872
-7.61805
0.03098
0.04856
0.05064
0.06562
0.08418
0.09758
0.06751
0.04961
0.04868
0.04835
0.04776
0.05265
0.01336
-0.01951
-0.05540
0.01483
0.02859
-0.00188
-0.03452
-0.05245
-0.03394
-0.01459
-0.01869
-0.04971
-0.04328
-0.02429
-0.00684
-0.03790
-0.05423
-0.03079
-0.01403
-0.02606
-0.05479
-0.04267
-0.01975
-0.01565
-0.04602
-0.05108
-0.02539
-0.01014
-0.03916
-0.05493
-0.02961
-0.00685
-0.03483
-0.05981
-0.03596
-0.00697
-0.03051
-0.06402
-0.03779
-0.00596
-0.02977
-0.06002
-0.03673
-0.00287
-0.03673
-0.06225
-0.03466
-0.01331
-0.03819
-0.06225
-0.03329
-0.01855
-0.04373
-0.06476
-0.06912
-0.06592
-0.06419
-0.05226
-0.01166
-0.03235
-0.06396
-0.03650
-0.01819
-0.04977
-0.06555
-0.00850
-0.03339
-0.06058
-0.03595
-0.02291
-0.17314
-0.19050
-0.11900
-0.04272
-0.14571
-0.13747
-0.05932
-0.09461
-0.16257
-0.06870
-0.07614
-0.18184
-0.07665
-0.02211
-0.04775
-0.08155
-0.02710
-0.05408
-0.06492
-0.03612
-0.05927
-0.03969
-0.03302
-0.06884
-0.01933
-0.04331
-0.07006
-0.02958
-0.05496
-0.08148
-0.03348
-0.06947
-0.02460
-0.05111
-0.07558
-0.04201
-0.06661
-0.07950
-0.04752
-0.01772
-0.06890
-0.03575
-0.07664
-0.03993
-0.09773
-0.05908
-0.02393
-0.06279
-0.02560
-0.08142
-0.04244
-0.08446
-0.04190
-0.08617
-0.05804
-0.09012
-0.05448
-0.07180
-0.05072
-0.07984
-0.06274
-0.07933
-0.05354
-0.08478
-0.06020
-0.11315
-0.04755
-0.09865
-0.03227
-0.08102
-0.05543
-0.07925
-0.09023
-0.05034
-0.10546
-0.03169
-0.07159
-0.09749
-0.05177
-0.11195
-0.07003
-0.05526
-0.11550
-0.05453
-0.07446
-0.13496
-0.08250
-0.04958
-0.11095
-0.09118
-0.05434
-0.05893
-0.12238
-0.11558
-0.07499
-0.05139
-0.11963
-0.12867
-0.09711
-0.07608
-0.05890
-0.03467
-0.09467
-0.16186
-0.15401
-0.13935
-0.12624
-0.11862
-0.11010
-0.11658
-0.11469
-0.10987
-0.10345
-0.09920
-0.08988
-0.06595
-0.04968
-0.09856
-0.15190
-0.17350
-0.14878
0.03124
0.06149
0.06355
0.12992
0.17693
0.17800
-0.03842
-0.07251
-0.08302
-0.17767
-0.10106
-0.20433
-0.08117
-0.20733
-0.10345
-0.21910
0.09871
-0.10463
-0.43579
-0.18734
-0.17390
-0.31564
-0.28620
-0.29310
-0.28484
-0.26291
-0.22808
-0.17521
-0.33209
-0.23997
-0.32928
-0.24496
-0.38405
-0.31031
-0.27617
-0.27761
-0.31262
-0.08658
0.02937
0.07934
-0.10254
-0.21091
-0.39597
-0.35741
-0.17435
0.00000
0.00000
0.00000
0.00000
0.00000
0.00000
7.62390
7.62925
7.62950
7.63136
7.63275
7.63448
7.63563
7.63880
7.64065
7.64254
7.64299
7.64578
7.64551
7.64723
7.64745
7.64979
7.65132
7.65339
7.65422
7.65446
7.65496
7.65482
7.65691
7.65697
7.65909
7.65851
7.66239
7.66166
7.66210
7.66339
7.66400
7.66435
7.66444
7.66518
7.66506
7.66559
7.66505
7.66662
7.66752
7.66631
7.66681
7.66702
7.66851
7.66906
7.66875
7.66798
7.66766
7.66909
7.66835
7.66563
7.65944
7.65428
7.64968
7.64664
7.64001
7.63525
7.62985
7.62749
7.61954
7.61450
7.60877
7.60532
7.59973
7.59491
7.58824
7.58487
7.57712
7.57054
7.56823
7.56091
7.55588
7.54767
7.54228
7.53886
7.53265
7.52668
7.52288
7.51668
7.50833
7.50477
7.49636
7.49121
7.48296
7.47815
7.47236
7.46515
7.45770
7.45354
7.44593
7.43954
7.43484
7.42765
7.42091
7.41318
7.40733
7.39849
7.30108
-0.37399
0.52681
1.14432
0.58333
0.51005
0.18567
-0.32707
0.17591
0.40445
-0.91132
0.46911
0.48966
0.36071
0.37592
-1.58018
0.26758
0.28808
0.33383
0.35213
-2.15387
0.26687
0.28983
0.31127
-2.55709
0.21615
0.23865
0.26545
0.28990
-2.89259
0.21071
0.23653
0.28151
0.23621
0.22503
0.20862
0.25609
0.24366
0.22789
0.19872
0.22937
0.21832
0.20576
0.19492
0.23157
0.20712
0.21659
0.17596
0.20873
0.19823
0.19963
0.17731
0.16724
0.20604
0.20916
0.10842
0.43593
0.44870
0.46499
0.49114
0.54528
0.49237
0.41695
0.30225
0.10848
0.19593
0.17039
0.14056
0.12663
0.11247
0.17479
0.14524
0.12609
0.10604
0.17148
0.13245
0.09974
0.15425
0.14551
0.14566
0.14258
0.15741
0.12954
0.26424
0.12510
0.13118
0.13715
0.12611
0.12031
0.17915
0.12417
0.12719
0.12296
0.11516
0.11685
0.12145
0.12185
0.11327
0.11043
0.11421
0.15898
0.14845
0.10700
0.11080
0.10946
0.11167
0.10706
0.10599
0.10698
0.09457
0.10768
0.10241
0.10264
0.10217
0.09273
0.10211
0.10290
0.09978
0.16346
0.11532
0.08760
0.09917
0.09797
0.09587
0.09200
0.08805
0.08703
0.14966
0.12245
0.08918
0.08676
0.09243
0.08819
0.09521
0.08817
0.08661
0.08693
0.08663
0.09350
0.07783
0.08933
0.08674
0.08509
0.08487
0.07918
0.08047
0.07886
0.08497
0.08450
0.08351
0.09413
0.12010
0.12628
0.07990
0.07899
0.06985
0.10010
0.12668
0.10043
0.09627
0.12895
0.09698
0.07120
0.07242
0.07185
0.09399
0.12369
0.11040
0.08895
0.11500
0.11807
0.08261
0.11055
0.12620
0.07055
0.06850
0.06773
0.06943
0.09269
0.11050
0.10675
0.07168
0.07075
0.06966
0.07097
0.06989
0.06991
0.06736
0.06649
0.06620
0.06826
0.06653
0.08790
0.11823
0.09758
0.06349
0.06311
0.06409
0.06551
0.06610
0.06598
0.06353
0.06083
0.06166
0.06305
0.06213
0.06146
0.08107
0.11354
0.09743
0.07132
0.06386
0.05901
0.06159
0.06127
0.08648
0.11445
0.09114
0.06559
0.05894
0.05994
0.05953
0.05959
0.08113
0.10928
0.08909
0.06890
0.07435
0.11013
0.09320
0.07396
0.06915
0.10158
0.09684
0.07799
0.05959
0.05875
0.05780
0.05923
0.05977
0.08549
0.10298
0.08501
0.06707
0.06765
0.10713
0.09038
0.07496
0.05873
0.05486
0.05450
0.05715
0.05489
0.05611
0.05677
0.05595
0.05620
0.05315
0.09795
0.09254
0.07796
0.06336
0.07233
0.10024
0.08545
0.07274
0.05614
0.05127
0.05303
0.05259
0.05343
0.05028
0.05120
0.05174
0.05159
0.05302
0.08605
0.09309
0.08238
0.06944
0.05486
0.09888
0.08792
0.07514
0.06223
0.05162
0.04995
0.05025
0.05154
0.05112
0.04874
0.05029
0.05147
0.05101
0.05121
0.05064
0.05237
0.05080
0.04934
0.04902
0.05036
0.05026
0.05099
0.05011
0.06250
0.09022
0.07844
0.06911
# --xy save end--
