# --xy save start--
2.34906
2.34851
2.34811
2.35071
2.35046
2.34943
2.35052
2.35245
2.34904
2.35079
2.35281
2.35255
2.35318
2.35176
2.35439
2.35542
2.35542
2.35633
2.35652
2.35790
2.35819
2.36026
2.36194
2.36213
2.36171
2.36272
2.36395
2.36690
2.36728
2.36642
2.36925
2.36917
2.37274
2.37515
2.37602
2.37570
2.37865
2.38074
2.38258
2.38248
2.38499
2.38674
2.39035
2.38951
2.39325
2.39459
2.39567
2.40096
2.40037
2.40451
2.40588
2.40866
2.41095
2.41330
2.41399
2.42012
2.42098
2.42436
2.42515
2.42841
2.43193
2.42785
10.00000
2.35380
2.33904
2.34181
2.34603
2.34667
2.35248
2.35298
2.35633
2.36058
2.36422
2.36813
2.36642
2.37468
2.37651
2.38137
2.38357
2.39071
2.39126
2.39515
2.40046
2.40450
2.40771
2.41127
2.41509
2.41967
2.42463
2.42912
2.43430
2.43757
2.43960
2.44831
2.45150
2.45550
2.46137
2.46558
2.46849
2.47517
2.48129
2.48455
2.48902
2.49529
2.49855
2.50416
2.51065
2.51672
2.51979
2.52829
2.53242
2.53712
2.54948
2.55068
2.55440
2.56022
2.57002
2.57347
2.57623
2.59027
2.59597
2.59911
2.60855
2.61419
2.61900
2.63008
2.63516
2.64163
2.64669
2.65813
2.66201
2.66735
2.67894
2.68757
2.69047
2.70430
2.71111
2.71392
2.72813
2.73446
2.74045
2.74869
2.75889
2.76748
2.77419
2.90779
2.92132
2.92788
2.93425
2.94948
2.95516
2.96655
2.97289
2.98837
2.99550
3.00463
3.02050
3.02840
3.03734
3.04695
3.06586
3.07282
3.08403
3.09295
3.11192
3.11951
3.12853
3.13851
3.15899
3.16929
3.17813
3.18975
3.20835
3.21879
3.23036
3.24078
3.26201
3.27475
3.28666
3.29655
3.32000
3.33018
3.34303
3.35509
3.36934
3.39322
3.40622
3.41872
3.43040
3.45872
3.47081
3.48640
3.49722
3.51326
3.54017
3.55704
3.56937
3.58543
3.59927
3.63273
3.64676
3.66279
3.67876
3.69544
3.72827
3.74698
3.76261
3.78078
3.79780
3.83435
3.85503
3.87296
3.89213
3.91385
3.93130
3.96895
3.99215
4.01416
4.03242
4.05427
4.07592
4.09886
4.14520
4.16649
4.19319
4.21694
4.23754
4.26281
4.28855
4.34002
4.36504
4.39387
4.42010
4.44706
4.47180
4.50763
4.53402
4.56536
4.62687
4.65207
4.68563
4.71972
4.75478
4.78344
4.82071
4.86005
4.89067
4.92310
4.99928
5.04385
5.08018
5.11669
5.15741
5.19600
5.24841
5.29135
5.33478
5.37849
5.42777
5.47569
5.51305
5.56252
5.61354
5.66806
5.76786
5.82779
5.73950
5.73150
5.71881
5.71133
5.72448
5.77557
5.84400
5.89797
5.97156
6.02886
6.10708
6.17055
6.23474
6.32279
6.38915
6.46063
6.53338
6.60983
7.18991
7.27675
7.37087
7.46333
7.56265
7.66225
7.76941
7.87884
7.99439
8.11462
8.23607
8.36511
8.49936
8.64125
8.78711
8.89051
9.04845
9.21248
9.38720
9.28254
9.27281
9.31627
9.51375
9.71913
9.86237
10.00000
10.00000
10.00000
10.00000
10.00000
10.00000
10.00000
10.00000
2.37610
2.37075
2.37050
2.36864
2.36725
2.36552
2.36437
2.36120
2.35935
2.35746
2.35701
2.35422
2.35449
2.35277
2.35255
2.35021
2.34868
2.34661
2.34578
2.34554
2.34504
2.34518
2.34309
2.34303
2.34091
2.34149
2.33761
2.33834
2.33790
2.33661
2.33600
2.33565
2.33556
2.33482
2.33494
2.33441
2.33495
2.33338
2.33248
2.33369
2.33319
2.33298
2.33149
2.33094
2.33125
2.33202
2.33234
2.33091
2.33165
2.33192
2.33364
2.33431
2.33442
2.33297
2.33513
2.33540
2.33632
2.33419
2.33766
2.33822
2.33946
2.33843
2.33953
2.33987
2.34205
2.34094
2.34421
2.34630
2.34413
2.34697
2.34751
2.35123
2.35214
2.35107
2.35280
2.35429
2.35360
2.35532
2.35918
2.35826
2.36218
2.36285
2.36662
2.36695
2.36825
2.37098
2.37394
2.37362
2.37675
2.37865
2.37887
2.38157
2.38382
2.38707
2.38844
2.39279
2.39480
10.00000
9.06222
8.85568
8.69458
8.70609
8.71432
9.19022
8.99028
8.83152
10.00000
8.64325
8.49188
8.31398
8.16929
10.00000
8.03052
7.89201
7.73160
7.60209
10.00000
7.47418
7.34905
7.22828
10.00000
7.13270
7.01861
6.90264
6.79134
10.00000
6.70332
6.59695
6.47352
6.44223
6.37858
6.32209
6.20329
6.14618
6.09387
6.05667
5.96101
5.90860
5.85908
5.80911
5.71308
5.67942
5.61301
5.59787
5.51060
5.46771
5.41399
5.38504
5.34486
4.88823
4.84988
4.81833
4.76784
4.71773
4.68656
4.65467
4.59454
4.57675
4.54751
4.51082
4.46032
4.42460
4.40597
4.37535
4.32682
4.28753
4.27424
4.25064
4.20139
4.17268
4.15239
4.12748
4.08433
4.04854
4.03972
4.03503
4.04416
4.05871
4.06844
4.07715
4.18797
4.15390
4.12061
4.10464
4.08375
4.05909
4.02802
3.99959
3.97888
3.96198
3.93612
3.90763
3.88366
3.86912
3.84901
3.82284
3.79689
3.77903
3.76446
3.73943
3.71988
3.69699
3.68132
3.66228
3.64160
3.63443
3.60220
3.58844
3.56962
3.55158
3.54292
3.51555
3.49713
3.48278
3.46247
3.45559
3.44403
3.41598
3.40080
3.38690
3.37478
3.36319
3.34869
3.32495
3.30627
3.30135
3.28919
3.26894
3.25898
3.23784
3.23092
3.21880
3.20480
3.19180
3.17169
3.17425
3.14994
3.13972
3.12885
3.11669
3.10999
3.09672
3.08637
3.06840
3.05731
3.04674
3.03776
3.02841
3.01656
3.00574
2.99588
2.99425
2.97323
2.96381
2.95588
2.94709
2.93185
2.92876
2.92181
2.91096
2.90190
2.88784
2.87622
2.86988
2.86119
2.85357
2.84501
2.83513
2.82600
2.82231
2.81384
2.80767
2.80022
2.79030
2.77746
2.77929
2.76362
2.75650
2.74987
2.74341
2.73455
2.72833
2.72107
2.71639
2.71012
2.70350
2.69453
2.68934
2.68046
2.67188
2.67227
2.66587
2.65995
2.65267
2.64495
2.63815
2.63226
2.62872
2.62541
2.61873
2.61163
2.60685
2.60181
2.59639
2.58862
2.58276
2.57703
2.57241
2.57212
2.56440
2.55958
2.55349
2.54993
2.54494
2.54219
2.53773
2.53213
2.52796
2.52331
2.51824
2.51789
2.51280
2.50770
2.50315
2.49777
2.49464
2.48994
2.48511
2.48466
2.47870
2.47486
2.47056
2.46757
2.46497
2.45998
2.45589
2.45268
2.45253
2.45004
2.44753
2.44329
2.44038
2.43766
2.43364
2.43042
2.42918
2.42672
2.42125
2.42069
2.41675
2.41350
2.41174
2.40892
2.40938
2.40615
2.40404
2.40182
2.39961
2.39592
2.39410
2.39285
2.38953
2.39009
2.38919
2.38555
2.38411
2.38138
2.38266
2.38009
2.37789
2.37639
2.37330
2.37152
2.37107
2.36780
2.36677
2.36737
2.36715
2.36473
2.36414
2.36368
2.36133
2.36202
2.36073
2.35846
2.35789
2.35935
2.35703
2.35509
2.35478
2.35382
2.35374
2.35147
2.35249
2.35341
2.35317
2.35147
2.35124
2.35018
2.35073
2.34825
2.35033
2.35131
2.34983
# --xy save end--
