# --xy save start--
2.31818
2.30782
2.30255
2.31291
2.32328
2.33364
2.34401
2.30341
2.31423
2.32506
2.33588
2.34671
2.30543
2.31674
2.32805
2.33936
2.35068
2.30868
2.32050
2.33233
2.34416
2.35599
2.31322
2.32559
2.33797
2.35034
2.36272
2.31915
2.33210
2.34505
2.35801
2.35750
2.32654
2.34011
2.35368
2.36725
2.35130
2.33552
2.34975
2.36397
2.37820
2.34752
2.33600
2.33789
2.33977
2.34166
2.34354
2.35873
2.37440
2.39007
2.39295
2.35680
2.37326
2.38973
2.40619
2.38902
2.37266
2.38998
2.40729
2.42461
2.38662
2.37913
2.38195
2.38478
2.38761
2.39244
2.41165
2.43085
2.45005
2.42049
2.40594
2.40926
2.41257
2.41589
2.41907
2.38803
2.35700
2.32597
2.39840
2.41930
2.38938
2.36064
2.34801
2.37056
2.39312
2.39258
2.36537
2.37639
2.40034
2.42228
2.39639
2.38334
2.40881
2.43428
2.42543
2.40071
2.41870
2.44583
2.45284
2.42916
2.43022
2.45916
2.47888
2.45614
2.44362
2.47455
2.50380
2.48189
2.45999
2.49233
2.52545
2.50661
2.48547
2.51289
2.54844
2.53045
2.51000
2.53673
2.57336
2.55354
2.53372
2.56445
2.59524
2.57599
2.55675
2.59679
2.61661
2.59790
2.58194
2.58901
2.59609
2.60316
2.62668
2.67590
2.65812
2.64034
2.67461
2.69573
2.67836
2.66891
2.73195
2.71530
2.69832
2.73153
2.75128
2.73465
2.73082
2.80887
2.89153
2.80377
2.81768
2.90723
2.87828
2.82580
2.92680
2.92849
2.83866
2.95175
3.01523
2.99920
2.98431
3.04573
3.02994
3.02803
3.07580
3.06024
3.08883
3.10549
3.09015
3.14995
3.13482
3.11969
3.17877
3.16383
3.14889
3.20730
3.19254
3.25014
3.23555
3.22097
3.27799
3.26357
3.26352
3.30757
3.35161
3.32432
3.37048
3.34208
3.39047
3.36099
3.41173
3.46247
3.43443
3.48766
3.45875
3.51461
3.48490
3.54353
3.51311
3.57468
3.55664
3.60831
3.60697
3.64472
3.64843
3.68424
3.68328
3.72724
3.71302
3.77414
3.74187
3.82541
3.79349
3.88158
3.85028
3.91353
3.91290
3.92393
3.98208
3.94880
4.04422
4.02727
4.04771
4.11472
4.08124
4.14691
4.18228
4.14731
4.23402
4.26556
4.23008
4.31137
4.37053
4.33611
4.38062
4.45329
4.47510
4.44298
4.51129
4.57708
4.63424
4.60009
4.62611
4.68633
4.74464
4.80116
4.85600
4.82844
4.83742
4.88984
4.94083
4.99045
5.03879
5.08590
5.13184
5.17666
5.22491
5.27504
5.32857
5.38581
5.44710
5.51284
5.51497
5.51616
5.59436
5.67900
5.77074
5.79299
5.78235
5.84125
5.90141
5.95357
5.80558
5.82546
5.88855
5.85119
6.00602
5.96622
6.15357
6.11546
6.28570
6.24153
6.63209
6.50520
6.75412
7.08941
7.19697
7.14770
7.27645
7.36915
7.48456
7.61593
7.76631
7.93941
7.90398
8.12514
8.17008
8.39629
8.40306
8.58020
8.77228
8.93487
9.07458
9.19595
9.30219
9.39561
9.41121
9.50822
9.46640
9.64259
9.82565
10.00000
10.00000
10.00000
10.00000
10.00000
10.00000
10.00000
10.00000
10.00000
10.00000
10.00000
10.00000
10.00000
10.00000
10.00000
10.00000
10.00000
10.00000
10.00000
10.00000
10.00000
10.00000
10.00000
10.00000
10.00000
10.00000
10.00000
10.00000
10.00000
10.00000
10.00000
10.00000
10.00000
10.00000
10.00000
10.00000
10.00000
10.00000
10.00000
10.00000
10.00000
10.00000
10.00000
10.00000
10.00000
10.00000
10.00000
10.00000
10.00000
10.00000
10.00000
10.00000
10.00000
10.00000
10.00000
9.99756
9.99307
9.98859
9.98410
9.97962
9.97513
9.97065
9.96617
9.96168
9.95720
9.95271
9.94823
9.94375
9.93926
9.93478
9.93029
9.92581
9.92132
9.91684
9.91236
9.90787
9.90339
9.89890
9.89442
9.88994
9.88545
9.88097
9.87648
9.87200
9.86752
9.86303
9.85855
9.85406
9.84958
9.84509
9.84061
9.83613
9.83164
9.82716
9.82267
9.81819
9.81371
9.80922
9.80474
9.80025
9.79577
9.79129
9.69588
9.62601
9.58903
10.00000
9.27791
9.21615
8.89998
8.86315
9.16619
9.23596
9.08868
9.11236
8.98154
8.67469
8.54521
8.41982
8.29811
8.18009
8.06543
7.95422
7.84613
7.74105
7.63888
7.53955
7.44291
7.34885
7.25726
7.16809
7.08124
7.10741
6.91403
6.83348
6.75503
6.67844
6.60361
6.53071
6.45938
6.38984
6.32176
6.25539
6.19039
6.12692
6.06484
6.00403
5.94465
5.88654
5.82960
5.77383
5.71932
5.66594
5.61362
5.56235
5.51210
5.09427
5.05904
4.92675
5.20377
5.16643
5.15155
5.14581
5.13983
5.06913
4.96447
4.81306
4.56879
4.62053
4.57636
4.51590
4.45345
4.40000
4.44903
4.39588
4.32748
4.27872
4.32387
4.25992
4.18407
4.20279
4.18523
4.18069
4.18674
4.21613
4.19798
4.34140
4.31307
4.28509
4.25776
4.23075
4.20406
4.23824
4.15219
4.12678
4.10185
4.07714
4.05297
4.02908
4.00551
3.98239
3.95944
3.93705
3.95586
3.92748
3.87146
3.85023
3.82933
3.80866
3.78839
3.76827
3.74858
3.72901
3.70989
3.69085
3.67226
3.65375
3.63565
3.61766
3.60004
3.58256
3.62594
3.57091
3.53163
3.51515
3.49877
3.48278
3.46678
3.45123
3.43572
3.47462
3.42872
3.39053
3.37595
3.36137
3.34717
3.33305
3.31909
3.30541
3.29173
3.27843
3.26519
3.25208
3.23927
3.22646
3.21394
3.20156
3.18917
3.17720
3.16523
3.15337
3.14181
3.13025
3.13189
3.14852
3.14284
3.08564
3.07487
3.06410
3.07333
3.09048
3.05631
3.04336
3.06081
3.02574
2.99301
2.98338
2.97375
2.98182
2.99991
2.98028
2.95013
2.96857
2.96308
2.91774
2.93655
2.94851
2.88439
2.87617
2.86795
2.85973
2.87015
2.88979
2.87037
2.82817
2.82062
2.81307
2.80551
2.79822
2.79099
2.78375
2.77661
2.76970
2.76278
2.75587
2.76836
2.79011
2.76984
2.72936
2.72306
2.71676
2.71046
2.70425
2.69825
2.69225
2.68625
2.68039
2.67468
2.66898
2.66327
2.67746
2.70216
2.68020
2.64835
2.63627
2.63113
2.62599
2.62085
2.63997
2.66438
2.63608
2.60777
2.59667
2.59208
2.58749
2.58289
2.59937
2.62718
2.60189
2.57660
2.57750
2.60790
2.58784
2.56390
2.55426
2.58624
2.57554
2.55284
2.53015
2.52632
2.52277
2.51921
2.51566
2.53817
2.55551
2.53505
2.51459
2.51094
2.54750
2.52805
2.50860
2.48914
2.48403
2.48122
2.47840
2.47558
2.47285
2.47027
2.46770
2.46512
2.46254
2.50410
2.49659
2.47978
2.46297
2.46825
2.49434
2.47830
2.46227
2.44624
2.44046
2.43858
2.43669
2.43481
2.43295
2.43129
2.42964
2.42798
2.42632
2.45757
2.46416
2.45018
2.43621
2.42223
2.46602
2.45265
2.43928
2.42591
2.41295
2.41197
2.41098
2.40999
2.40901
2.40809
2.40732
2.40656
2.40579
2.40503
2.40438
2.40384
2.40329
2.40274
2.40220
2.40182
2.40150
2.40117
2.40084
2.41075
2.44055
2.42975
2.41894
# --xy save end--
